pedestrianId simTime groupId-PID5
1 0.0 0
2 0.0 0
3 0.0 0
4 0.0 0
5 0.0 0
6 0.0 1
7 0.0 1
8 0.0 1
9 0.0 1
10 0.0 1
11 0.0 1
12 0.0 1
13 0.0 1
14 0.0 1
15 0.0 1
16 0.0 1
17 0.0 1
18 0.0 1
19 0.0 1
20 0.0 1
9 0.4503699937133785 1
19 0.4840860937260866 1
18 0.489570710589915 1
12 0.48959811418791394 1
13 0.5177368901413837 1
4 0.5209037625521721 0
16 0.5215724580116688 1
3 0.5301210444976172 0
15 0.5396011086162689 1
8 0.5811819505597355 1
5 0.5939386616783204 0
10 0.600468182040557 1
6 0.6016833399780108 1
7 0.622526744297947 1
14 0.6285287395226844 1
20 0.6444191376396932 1
2 0.6485668234715604 0
1 0.6513234751239592 0
11 0.6874782706748199 1
17 0.7101394420789825 1
21 0.8 1
22 0.8 1
23 0.8 1
24 0.8 1
25 0.8 1
26 0.8 1
27 0.8 1
28 0.8 1
29 0.8 1
30 0.8 1
31 0.8 1
32 0.8 1
33 0.8 1
34 0.8 1
9 0.900739987426757 1
19 0.9681721874521731 1
18 0.97914142117983 1
12 0.9791962283758279 1
13 1.0354737802827674 1
4 1.0418075251043442 0
16 1.0431449160233377 1
3 1.0602420889952344 0
15 1.0792022172325377 1
8 1.162363901119471 1
5 1.1878773233566409 0
35 1.2000000000000002 1
36 1.2000000000000002 1
37 1.2000000000000002 1
38 1.2000000000000002 1
39 1.2000000000000002 1
40 1.2000000000000002 1
10 1.200936364081114 1
6 1.2033666799560216 1
7 1.245053488595894 1
14 1.2570574790453688 1
20 1.2888382752793863 1
2 1.2971336469431207 0
1 1.3026469502479183 0
27 1.3145795769041861 1
30 1.3189953067250504 1
22 1.3289290463919228 1
29 1.3302806503340174 1
21 1.3400993226112838 1
31 1.3434753193150046 1
34 1.3454586098963515 1
28 1.3511073536204548 1
9 1.3511099811401355 1
11 1.3749565413496398 1
25 1.3843543984685607 1
23 1.4067596547517893 1
17 1.420278884157965 1
24 1.421488896471209 1
32 1.4311971789963733 1
26 1.4433989384410602 1
19 1.4522582811782598 1
18 1.4687121317697451 1
12 1.4687943425637418 1
33 1.4762851432503235 1
13 1.553210670424151 1
4 1.5627112876565161 0
16 1.5647173740350064 1
3 1.5903631334928516 0
41 1.6 1
42 1.6 1
43 1.6 1
44 1.6 1
45 1.6 1
46 1.6 1
47 1.6 1
48 1.6 1
49 1.6 1
15 1.6188033258488066 1
40 1.7113058963668366 1
35 1.721067527404252 1
36 1.7320220300182183 1
8 1.7435458516792066 1
5 1.7818159850349613 0
10 1.8014045461216708 1
9 1.801479974853514 1
6 1.8050500199340325 1
27 1.8291591538083722 1
30 1.8379906134501007 1
22 1.8578580927838457 1
38 1.8604626938073308 1
29 1.860561300668035 1
7 1.867580232893841 1
21 1.8801986452225679 1
14 1.8855862185680532 1
31 1.8869506386300092 1
34 1.8909172197927027 1
28 1.9022147072409095 1
37 1.9139378816646304 1
20 1.9332574129190796 1
19 1.9363443749043463 1
2 1.945700470414681 0
1 1.9539704253718775 0
18 1.95828284235966 1
12 1.9583924567516557 1
25 1.9687087969371213 1
50 2.0 1
51 2.0 1
52 2.0 0
53 2.0 1
54 2.0 1
55 2.0 1
56 2.0 1
23 2.0135193095035784 1
24 2.042977792942418 1
46 2.047472482312944 1
32 2.062394357992747 1
11 2.0624348120244598 1
13 2.0709475605655348 1
42 2.076626496104208 1
45 2.0778222509998048 1
4 2.0836150502086883 0
16 2.0862898320466754 1
26 2.08679787688212 0
48 2.0897398484096437 1
43 2.1177182135710764 1
3 2.120484177990469 0
17 2.1304183262369474 1
33 2.1525702865006466 1
39 2.153737087080987 1
15 2.1584044344650755 1
47 2.161981516814203 1
41 2.1986984429711263 1
49 2.214099467194993 1
40 2.222611792733673 1
35 2.2421350548085037 1
9 2.2518499685668925 1
44 2.254689021628585 0
36 2.2640440600364364 1
8 2.324727802238942 1
27 2.343738730712558 1
30 2.356985920175151 1
5 2.3757546467132817 0
22 2.3867871391757687 1
29 2.3908419510020527 1
57 2.4 1
58 2.4 1
59 2.4 1
60 2.4 1
61 2.4 1
62 2.4 1
63 2.4 0
64 2.4 1
10 2.401872728162228 1
6 2.4067333599120433 1
21 2.420297967833852 1
19 2.4204304686304328 1
31 2.4304259579450136 1
34 2.436375829689054 1
51 2.4400869446014215 1
18 2.4478535529495753 1
12 2.4479905709395697 1
28 2.453322060861364 1
52 2.464017404794308 0
7 2.490106977191788 1
46 2.4949449646258883 1
14 2.5141149580907376 1
38 2.5209253876146613 1
25 2.5530631954056817 1
42 2.553252992208416 1
56 2.555500930279239 1
45 2.5556445019996095 1
55 2.5646479617738103 1
20 2.5776765505587727 1
48 2.5794796968192872 1
53 2.5836033867864847 1
54 2.5851510955071815 1
13 2.5886844507069187 1
50 2.5941009933374093 1
2 2.5942672938862414 0
4 2.6045188127608605 0
1 2.6052939004958366 0
16 2.6078622900583444 1
23 2.6202789642553674 1
37 2.6278757633292606 1
43 2.635436427142153 1
3 2.6506052224880863 0
24 2.6644666894136266 1
32 2.6935915369891203 1
15 2.6980055430813445 1
9 2.702219962280271 1
47 2.723963033628406 1
26 2.73019681532318 0
40 2.7339176891005095 1
11 2.7499130826992797 1
35 2.7632025822127555 1
36 2.7960660900546546 1
41 2.7973968859422524 1
65 2.8 1
66 2.8 1
67 2.8 1
68 2.8 1
69 2.8 1
70 2.8 1
71 2.8 1
49 2.828198934389986 1
33 2.82885542975097 1
17 2.84055776831593 1
27 2.858318307616744 1
30 2.875981226900201 1
51 2.880173889202843 0
60 2.897351619291915 1
19 2.9045165623565192 1
8 2.905909752798678 1
44 2.90937804325717 0
22 2.9157161855676916 1
29 2.9211226013360703 1
52 2.928034809588616 0
18 2.9374242635394903 1
12 2.9375886851274835 1
46 2.9424174469388324 1
21 2.960397290445136 1
64 2.964732386717145 0
63 2.965017948318188 0
5 2.9696933083916024 0
31 2.973901277260018 0
34 2.981834439585405 1
58 2.997398824473238 1
10 3.002340910202785 1
28 3.0044294144818187 1
6 3.008416699890054 1
42 3.029879488312624 1
45 3.033466752999414 1
61 3.0687986834712637 1
48 3.069219545228931 1
62 3.0843612892840353 1
59 3.0950747265059575 1
13 3.1064213408483026 1
39 3.1074741741619736 1
56 3.1110018605584777 1
7 3.112633721489735 1
4 3.1254225753130327 0
55 3.1292959235476205 1
16 3.1294347480700133 1
25 3.1374175938742423 1
14 3.1426436976134218 1
9 3.1525899559936494 1
43 3.15315464071323 1
57 3.1589766382574886 1
53 3.1672067735729694 1
54 3.170302191014363 1
3 3.1807262669857037 0
38 3.181388081421992 1
50 3.1882019866748186 1
72 3.1999999999999997 1
73 3.1999999999999997 1
74 3.1999999999999997 1
75 3.1999999999999997 1
76 3.1999999999999997 1
77 3.1999999999999997 1
78 3.1999999999999997 1
20 3.2220956881984657 1
23 3.2270386190071565 1
15 3.2376066516976136 1
2 3.242834117357802 0
40 3.245223585467346 1
1 3.256617375619796 0
67 3.281165962588915 1
35 3.2842701096170073 1
47 3.2859445504426095 1
24 3.2859555858848353 1
51 3.3202608338042645 0
32 3.324788715985494 1
36 3.3280881200728727 1
68 3.3373652883918785 1
37 3.341813644993891 1
69 3.3599492363134953 1
70 3.369928161057633 1
27 3.3728978845209303 1
71 3.373057722523672 1
26 3.37359575376424 0
19 3.3886026560826057 1
46 3.3898899292517766 1
52 3.392052214382924 0
60 3.3947032385838303 1
30 3.3949765336252513 1
41 3.3960953289133786 1
18 3.4269949741294052 1
12 3.4271867993153973 1
11 3.4373913533740996 1
49 3.4422984015849787 1
22 3.4446452319596146 1
29 3.451403251670088 1
65 3.4659635274031952 1
8 3.4870917033584137 1
21 3.50049661305642 1
33 3.505140573001293 1
42 3.506505984416832 1
45 3.511289003999219 1
31 3.5173765965750228 0
34 3.5272930494817563 1
64 3.5294647734342903 0
63 3.5300358966363765 0
17 3.5506972103949126 1
28 3.5555367681022734 1
48 3.5589593936385744 1
5 3.563631970069923 0
44 3.564067064885755 0
58 3.5947976489464764 1
79 3.5999999999999996 1
80 3.5999999999999996 1
81 3.5999999999999996 1
82 3.5999999999999996 1
83 3.5999999999999996 1
84 3.5999999999999996 1
85 3.5999999999999996 1
86 3.5999999999999996 1
87 3.5999999999999996 1
10 3.602809092243342 1
9 3.602959949707028 1
6 3.6101000398680645 1
66 3.615325528331127 1
13 3.6241582309896865 1
4 3.646326337865205 0
16 3.6510072060816823 1
56 3.6665027908377166 1
43 3.6708728542843065 1
72 3.692760463423244 1
55 3.693943885321431 1
3 3.710847311483321 0
25 3.721771992342803 1
7 3.735160465787682 1
61 3.737597366942527 1
75 3.7477477500103142 1
53 3.750810160359454 1
74 3.7552569883668845 1
54 3.7554532865215444 1
40 3.7565294818341823 1
51 3.760347778405686 0
77 3.7606847207351817 1
67 3.76233192517783 1
62 3.7687225785680702 1
14 3.771172437136106 1
15 3.7772077603138827 1
76 3.779201809822254 1
50 3.782302980012228 1
59 3.790149453011915 1
35 3.805337637021259 1
73 3.8255806322195016 1
78 3.8270602467830876 1
23 3.8337982737589456 1
46 3.8373624115647207 1
38 3.8418507752293225 1
47 3.8479260672568127 1
52 3.856069619177232 0
36 3.860110150091091 1
20 3.8665148258381588 1
19 3.872688749808692 1
68 3.874730576783757 1
27 3.8874774614251164 1
2 3.8914009408293624 0
60 3.8920548578757455 1
24 3.907444482356044 1
1 3.9079408507437554 0
30 3.9139718403503014 1
18 3.91656568471932 1
12 3.916784913503311 1
57 3.9179532765149774 1
69 3.9198984726269908 1
70 3.939856322115266 1
71 3.9461154450473446 1
32 3.9559858949818674 1
22 3.9735742783515375 1
29 3.9816839020041055 1
42 3.9831324805210397 1
45 3.9891112549990235 1
41 3.994793771884505 1
88 3.9999999999999996 1
89 3.9999999999999996 1
90 3.9999999999999996 1
91 3.9999999999999996 1
92 3.9999999999999996 1
93 3.9999999999999996 1
26 4.0169946922053 0
21 4.040595935667704 1
48 4.048699242048218 1
9 4.053329943420406 1
37 4.055751526658521 1
49 4.056397868779971 1
31 4.060851915890027 0
39 4.06121126124296 1
84 4.066562462522902 1
8 4.068273653918149 1
34 4.072751659378108 1
79 4.074676763013581 1
64 4.0941971601514355 0
63 4.095053844954565 0
85 4.09527546494581 1
87 4.10456594657906 1
28 4.106644121722728 1
11 4.1248696240489195 0
80 4.129730345786233 1
65 4.131927054806391 1
13 4.14189512113107 1
5 4.157570631748244 0
86 4.1604031060716276 1
82 4.165541797072435 1
4 4.167230100417377 0
16 4.172579664093351 1
33 4.181425716251616 1
72 4.185520926846488 1
43 4.188591067855383 1
58 4.192196473419714 1
51 4.200434723007108 0
10 4.203277274283899 1
6 4.211783379846075 1
44 4.21875608651434 0
56 4.222003721116955 1
83 4.224844372018473 1
3 4.240968355980939 0
67 4.243497887766745 1
81 4.253182115887321 1
55 4.258591847095241 1
17 4.260836652473895 1
40 4.267835378201019 1
46 4.284834893877665 1
75 4.295495500020628 1
25 4.306126390811364 1
74 4.31051397673377 0
15 4.316808868930152 1
52 4.320087023971539 0
77 4.321369441470363 1
35 4.326405164425511 0
53 4.334413547145939 0
54 4.340604382028726 1
19 4.356774843534779 1
7 4.357687210085629 1
76 4.358403619644508 1
50 4.376403973349637 1
60 4.389406477167661 1
36 4.392132180109309 1
14 4.39970117665879 1
94 4.3999999999999995 1
95 4.3999999999999995 1
96 4.3999999999999995 1
97 4.3999999999999995 1
98 4.3999999999999995 1
99 4.3999999999999995 1
100 4.3999999999999995 1
27 4.4020570383293025 1
18 4.406136395309235 1
12 4.406383027691225 1
61 4.4063960504137905 1
47 4.409907584071016 1
68 4.412095865175636 1
66 4.430651056662255 1
30 4.4329671470753516 1
23 4.440557928510735 1
73 4.451161264439003 1
62 4.453083867852105 1
78 4.454120493566176 1
42 4.459758976625248 1
45 4.466933505998828 1
69 4.479847708940486 1
59 4.485224179517873 1
38 4.502313469036653 1
22 4.5025033247434605 0
9 4.503699937133785 1
91 4.505521694162658 1
70 4.509784483172899 1
20 4.510933963477852 1
29 4.511964552338123 1
71 4.519173167571017 1
24 4.5289333788272526 0
84 4.533124925045804 1
48 4.538439090457862 1
2 4.539967764300923 0
79 4.549353526027163 1
1 4.559264325867715 0
89 4.56116104339452 1
21 4.580695258278988 1
32 4.587183073978241 1
85 4.59055092989162 1
41 4.593492214855631 1
31 4.604327235205032 0
87 4.6091318931581196 1
34 4.618210269274459 1
92 4.622453563886609 1
51 4.64052166760853 0
8 4.649455604477885 1
28 4.657751475343183 1
64 4.65892954686858 0
80 4.659460691572466 1
13 4.659632011272454 1
63 4.660071793272754 0
26 4.66039363064636 0
49 4.670497335974964 1
93 4.674409717348707 1
57 4.676929914772466 1
90 4.677766420529536 1
72 4.678281390269732 1
4 4.688133862969549 0
16 4.694152122105019 1
43 4.70630928142646 1
88 4.7112485188884055 1
86 4.7208062121432555 1
67 4.72466385035566 1
82 4.73108359414487 1
46 4.73230737619061 1
5 4.751509293426564 0
37 4.769689408323152 1
3 4.771089400478556 0
56 4.777504651396194 1
40 4.779141274567855 1
52 4.784104428765847 0
58 4.789595297892952 1
65 4.797890582209586 1
101 4.8 1
102 4.8 1
103 4.8 1
104 4.8 1
105 4.8 1
106 4.8 1
107 4.8 1
108 4.8 1
109 4.8 1
10 4.803745456324456 1
11 4.8123478947237395 0
6 4.813466719824086 1
55 4.823239808869051 1
19 4.8408609372608655 1
75 4.843243250030943 1
35 4.847472691829763 0
83 4.849688744036946 1
15 4.856409977546421 1
33 4.85771085950194 1
74 4.865770965100655 0
44 4.873445108142924 0
77 4.882054162205545 1
60 4.886758096459577 1
25 4.890480789279924 1
18 4.895707105899151 1
12 4.8959811418791395 1
81 4.906364231774642 1
94 4.906463619089596 1
27 4.916636615233489 1
53 4.918016933932424 0
36 4.924154210127527 1
54 4.925755477535907 1
100 4.932966646672463 1
96 4.9362402931120215 1
42 4.936385472729456 1
76 4.937605429466762 0
45 4.9447557569986325 1
68 4.949461153567515 1
30 4.951962453800402 1
99 4.953482457546795 1
9 4.954069930847163 1
50 4.970504966687046 1
17 4.970976094552877 1
47 4.971889100885219 1
7 4.980213954383576 1
95 4.980492794143981 1
84 4.999687387568707 1
91 5.011043388325316 1
39 5.014948348323946 1
79 5.024030289040745 1
48 5.028178938867506 1
14 5.028229916181474 1
22 5.031432371135383 0
69 5.039796945253982 1
29 5.04224520267214 1
23 5.047317583262524 1
97 5.069811993459496 1
61 5.075194733885054 1
73 5.076741896658505 1
70 5.079712644230532 1
51 5.080608612209952 0
78 5.081180740349264 1
85 5.08582639483743 1
71 5.092230890094689 1
98 5.094671953903711 1
87 5.1136978397371795 1
21 5.120794580890272 1
89 5.12232208678904 1
62 5.13744515713614 1
31 5.1478025545200365 0
24 5.150422275298461 0
20 5.155353101117545 1
38 5.162776162843984 1
34 5.16366887917081 1
72 5.1710418536929765 1
13 5.177368901413838 1
46 5.179779858503554 1
59 5.180298906023831 1
2 5.188534587772483 0
80 5.189191037358699 1
41 5.192190657826758 1
110 5.2 1
111 5.2 1
112 5.2 1
113 5.2 1
114 5.2 1
115 5.2 1
67 5.205829812944575 1
28 5.2088588289636375 1
4 5.209037625521721 0
1 5.210587800991674 0
16 5.215724580116688 1
32 5.218380252974614 1
64 5.223661933585725 0
43 5.224027494997537 1
63 5.225089741590942 0
8 5.230637555037621 1
92 5.244907127773217 1
66 5.245976584993382 1
52 5.2481218335601545 0
105 5.254395231576969 1
86 5.281209318214883 1
49 5.284596803169958 1
40 5.290447170934691 1
82 5.296625391217305 1
3 5.301210444976173 0
26 5.30379256908742 0
106 5.307898446056803 1
104 5.312751445793467 1
19 5.324947030986952 1
56 5.333005581675433 1
5 5.345447955104885 0
93 5.348819434697416 1
90 5.3555328410590715 1
102 5.361733279398851 1
35 5.368540219234015 0
60 5.384109715751492 1
18 5.385277816489066 1
12 5.385579256067054 1
58 5.386994122366191 1
55 5.387887770642861 1
103 5.389210731773781 1
75 5.390991000041257 1
15 5.39601108616269 1
10 5.404213638365013 1
9 5.404439924560542 1
94 5.412927238179193 1
42 5.413011968833664 1
107 5.413896431405919 1
6 5.415150059802096 1
109 5.418170618436777 1
74 5.42102795346754 0
88 5.422497037776812 1
45 5.422578007998437 1
108 5.4280245599628625 1
27 5.431216192137675 1
57 5.435906553029955 1
77 5.442738882940727 1
36 5.456176240145744 1
65 5.4638541096127815 1
100 5.465933293344926 1
84 5.466249850091609 1
30 5.470957760525452 1
96 5.4724805862240435 1
83 5.47453311605542 1
25 5.474835187748485 1
37 5.4836272899877825 1
68 5.486826441959393 1
101 5.498408114743923 1
79 5.498707052054327 1
11 5.499826165398559 0
53 5.501620320718908 0
99 5.506964915093591 1
54 5.510906573043089 1
91 5.516565082487974 1
76 5.516807239289016 0
48 5.51791878727715 1
51 5.520695556811374 0
44 5.528134129771509 0
47 5.533870617699423 1
33 5.533996002752263 1
81 5.559546347661963 1
22 5.560361417527306 0
95 5.560985588287962 1
50 5.564605960024455 1
29 5.572525853006157 1
85 5.5811018597832405 1
69 5.599746181567477 1
116 5.6000000000000005 1
117 5.6000000000000005 1
118 5.6000000000000005 1
119 5.6000000000000005 1
120 5.6000000000000005 1
121 5.6000000000000005 1
7 5.602740698681522 1
87 5.6182637863162395 1
46 5.627252340816499 1
70 5.649640805288165 0
23 5.654077238014313 1
14 5.6567586557041585 1
21 5.660893903501556 1
72 5.663802317116221 1
71 5.665288612618362 1
17 5.681115536631859 1
89 5.683483130183561 1
67 5.68699577553349 1
31 5.691277873835041 0
13 5.695105791555222 1
73 5.702322528878007 1
78 5.708240987132353 1
105 5.708790463153938 1
34 5.7091274890671615 1
52 5.712139238354462 0
80 5.718921383144933 1
4 5.729941388073893 0
16 5.737297038128356 1
111 5.738201675924519 1
97 5.739623986918991 1
43 5.741745708568613 1
61 5.743993417356317 1
110 5.752176361608538 1
28 5.759966182584092 1
24 5.77191117176967 0
112 5.786905278510437 1
64 5.78839432030287 0
98 5.789343907807422 1
63 5.790107689909131 0
41 5.790889100797884 1
20 5.799772238757239 1
40 5.801753067301527 1
19 5.809033124713039 1
8 5.811819505597357 1
106 5.815796892113606 1
62 5.821806446420175 1
38 5.823238856651314 1
104 5.825502891586933 1
3 5.831331489473791 0
2 5.837101411244043 0
86 5.841612424286511 1
113 5.8477482937276 1
32 5.849577431970988 1
9 5.85480991827392 1
1 5.861911276115634 0
82 5.862167188289741 1
92 5.867360691659826 1
115 5.868025916972577 1
18 5.874848527078981 1
12 5.875177370254968 1
59 5.875373632529788 1
60 5.881461335043408 0
56 5.888506511954672 1
35 5.8896077466382675 0
42 5.889638464937872 1
49 5.898696270364951 1
45 5.900400258998242 1
114 5.915564861505096 1
94 5.919390857268789 1
102 5.923466558797702 1
84 5.932812312614511 1
15 5.935612194778959 1
75 5.938738750051572 1
5 5.939386616783206 0
27 5.945795769041861 1
26 5.947191507528481 0
55 5.9525357324166706 1
51 5.960782501412796 0
39 5.968685435404932 1
79 5.973383815067908 1
74 5.976284941834425 0
103 5.978421463547563 1
58 5.984392946839429 1
36 5.988198270163962 1
30 5.989953067250502 1
100 5.998899940017389 1
122 6.000000000000001 1
123 6.000000000000001 1
124 6.000000000000001 1
125 6.000000000000001 1
126 6.000000000000001 1
77 6.003423603675909 1
10 6.00468182040557 1
48 6.007658635686794 1
96 6.008720879336066 1
6 6.016833399780107 1
91 6.022086776650632 1
93 6.023229152046124 1
68 6.024191730351272 1
107 6.027792862811839 1
90 6.033299261588607 0
109 6.036341236873555 1
108 6.056049119925724 1
25 6.0591895862170455 1
99 6.060447372640387 1
66 6.06130211332451 1
46 6.0747248231294435 1
85 6.076377324729051 1
53 6.085223707505393 0
22 6.089290463919229 0
47 6.095852134513626 1
76 6.09600904911127 0
54 6.09605766855027 1
83 6.099377488073893 1
29 6.102806503340174 1
118 6.107429061064855 1
120 6.116162038657442 1
87 6.122829732895299 1
117 6.124959079237411 1
65 6.129817637015977 1
88 6.133745556665218 1
121 6.1341889386080615 1
95 6.141478382431943 1
116 6.148207874637283 1
119 6.155498596925958 1
72 6.156562780539465 1
50 6.158706953361864 1
69 6.159695417880973 1
105 6.163185694730907 1
67 6.168161738122405 1
52 6.1761566431487696 0
44 6.182823151400093 0
11 6.187304436073379 0
57 6.1948831912874445 1
101 6.196816229487847 1
37 6.197565171652413 1
21 6.20099322611284 1
33 6.210281146002587 1
81 6.2127284635492845 1
13 6.212842681696606 1
70 6.219568966345798 0
7 6.225267442979469 1
31 6.234753193150046 0
71 6.238346335142034 1
89 6.244644173578081 1
80 6.248651728931166 1
4 6.250845150626065 0
34 6.254586098963513 1
16 6.258869496140025 1
43 6.25946392213969 1
23 6.260836892766102 1
111 6.276403351849038 1
14 6.285287395226843 1
19 6.293119218439126 1
110 6.304352723217076 1
9 6.305179911987299 1
28 6.311073536204547 1
40 6.313058963668363 1
106 6.323695338170409 1
73 6.327903161097509 1
78 6.335301233915441 1
104 6.3382543373804 1
64 6.353126707020015 0
63 6.355125638227319 0
3 6.361452533971408 0
18 6.364419237668897 1
12 6.364775484442882 1
42 6.36626496104208 1
112 6.373810557020874 1
45 6.3782225099980465 1
60 6.378812954335324 0
41 6.38958754376901 1
17 6.391254978710841 1
8 6.3930014561570925 1
24 6.3934000682408785 0
84 6.399374775137414 1
127 6.400000000000001 1
128 6.400000000000001 1
129 6.400000000000001 1
130 6.400000000000001 1
131 6.400000000000001 1
132 6.400000000000001 1
133 6.400000000000001 1
51 6.400869446014218 0
86 6.402015530358139 1
97 6.409435980378486 1
35 6.41067527404252 0
61 6.4127921008275806 1
94 6.425854476358386 1
82 6.427708985362176 1
56 6.444007442233911 1
20 6.444191376396932 1
79 6.44806057808149 1
27 6.460375345946047 1
15 6.475213303395228 1
32 6.480774610967361 1
38 6.483701550458645 1
98 6.484015861711133 1
102 6.485199838196553 1
2 6.485668234715603 0
75 6.486486500061886 1
92 6.489814255546435 1
113 6.495496587455199 1
48 6.497398484096438 1
62 6.50616773570421 1
30 6.508948373975552 1
49 6.512795737559944 1
1 6.513234751239593 0
55 6.51718369419048 1
36 6.52022030018218 1
46 6.522197305442388 1
91 6.5276084708132895 1
74 6.5315419302013105 0
100 6.531866586689852 1
5 6.533325278461526 0
115 6.536051833945154 1
96 6.544961172448088 1
123 6.54932937394988 1
68 6.561557018743151 1
125 6.562254430647168 1
77 6.564108324411091 1
103 6.567632195321345 1
59 6.570448359035746 1
85 6.571652789674861 1
58 6.581791771312667 1
26 6.590590445969541 0
10 6.605150002446127 1
99 6.613929830187183 1
122 6.614155032285222 1
118 6.61485812212971 1
105 6.617580926307876 1
22 6.618219510311152 0
6 6.6185167397581175 1
126 6.619435256514874 1
87 6.627395679474359 1
114 6.631129723010193 1
120 6.632324077314883 1
29 6.633087153674191 1
52 6.640174047943077 0
107 6.641689294217758 1
25 6.643543984685606 1
72 6.6493232439627095 1
67 6.6493277007113205 1
117 6.649918158474821 1
109 6.654511855310332 1
47 6.657833651327829 1
121 6.668377877216122 1
53 6.668827094291878 0
76 6.675210858933524 0
54 6.681208764057452 1
108 6.684073679888586 1
116 6.696415749274565 1
93 6.697638869394832 1
124 6.7095029998759745 1
119 6.710997193851916 1
90 6.711065682118143 0
69 6.719644654194468 1
95 6.7219711765759245 1
83 6.724221860092366 1
13 6.73057957183799 1
21 6.741092548724124 1
50 6.7528079466992725 1
9 6.755549905700677 1
4 6.771748913178238 0
43 6.777182135710767 1
19 6.777205312165213 1
31 6.77822851246505 0
80 6.778382074717399 1
16 6.780441954151693 1
70 6.789497127403431 0
65 6.795781164419172 1
134 6.800000000000002 1
135 6.800000000000002 1
136 6.800000000000002 1
137 6.800000000000002 1
138 6.800000000000002 1
139 6.800000000000002 1
140 6.800000000000002 1
141 6.800000000000002 1
34 6.800044708859864 1
89 6.805805216972601 1
71 6.8114040576657064 1
111 6.814605027773557 1
40 6.824364860035199 1
106 6.831593784227212 0
44 6.837512173028678 0
51 6.84095639061564 0
42 6.842891457146288 1
88 6.8449940755536245 1
7 6.847794187277415 1
104 6.851005783173867 0
18 6.853989948258812 1
12 6.854373598630796 1
45 6.856044760997851 1
110 6.856529084825614 1
28 6.862180889825002 1
81 6.865910579436606 1
84 6.865937237660316 1
23 6.867596547517891 1
11 6.874782706748199 0
60 6.876164573627239 0
66 6.876627641655638 1
33 6.886566289252911 1
3 6.891573578469026 0
101 6.89522434423177 1
37 6.911503053317044 0
14 6.913816134749527 1
64 6.917859093737159 0
63 6.920143586545508 0
39 6.922422522485919 1
79 6.922737341095072 1
35 6.931742801446772 0
94 6.932318095447982 1
131 6.950753397091362 0
127 6.9527197780979755 1
73 6.953483793317011 1
57 6.953859829544934 1
112 6.96071583553131 1
129 6.96150870967315 1
78 6.9623614806985294 1
86 6.962418636429767 1
46 6.969669787755333 0
8 6.974183406716828 0
27 6.974954922850233 1
133 6.98235641971399 1
48 6.987138332506082 1
41 6.988285986740136 1
82 6.993250782434611 1
56 6.99950837251315 1
130 7.013722810900771 1
15 7.014814412011497 1
24 7.014888964712087 0
132 7.019987242589798 1
30 7.027943680700602 1
91 7.0331301649759475 1
75 7.034234250072201 1
102 7.046933117595404 1
36 7.052242330200397 1
100 7.064833233362315 1
85 7.066928254620671 1
105 7.071976157884845 0
97 7.079247973837981 1
96 7.08120146556011 1
61 7.081590784298844 1
55 7.08183165596429 1
74 7.086798918568196 0
20 7.088610514036626 1
123 7.098658747899759 1
68 7.098922307135029 1
17 7.101394420789823 1
52 7.104191452737385 0
32 7.111971789963735 1
92 7.112267819433043 1
128 7.113774873600744 1
118 7.122287183194564 1
125 7.124508861294335 1
77 7.124793045146273 1
49 7.126895204754938 1
5 7.127263940139847 0
67 7.130493663300236 1
87 7.131961626053419 1
2 7.134235058187163 0
72 7.142083707385954 1
113 7.143244881182799 1
38 7.144164244265975 1
22 7.147148556703075 0
120 7.148486115972324 1
103 7.156842927095126 1
29 7.1633678040082085 1
1 7.164558226363552 0
99 7.1674122877339785 1
117 7.174877237712232 1
98 7.178687815614844 1
58 7.179190595785905 1
62 7.190529024988245 1
142 7.200000000000002 1
143 7.200000000000002 1
144 7.200000000000002 1
145 7.200000000000002 1
146 7.200000000000002 1
147 7.200000000000002 0
148 7.200000000000002 1
121 7.202566815824183 1
115 7.204077750917731 1
10 7.205618184486684 1
9 7.205919899414056 1
47 7.219815168142032 1
6 7.220200079736128 1
25 7.227898383154167 1
122 7.228310064570443 1
26 7.233989384410601 0
126 7.238870513029748 1
116 7.244623623911847 1
13 7.248316461979374 1
53 7.252430481078362 0
76 7.254412668755778 0
107 7.2555857256236775 1
19 7.2612914058913 1
59 7.2655230855417035 1
54 7.266359859564633 1
119 7.266495790777873 1
109 7.27268247374711 1
69 7.279593890507964 1
51 7.281043335217062 0
21 7.281191871335408 1
4 7.29265267573041 0
43 7.294900349281844 1
16 7.302014412163362 1
95 7.302463970719906 1
80 7.308112420503632 1
108 7.312098239851448 1
42 7.319517953250496 1
31 7.321703831780055 0
84 7.332499700183218 1
45 7.333867011997656 1
40 7.335670756402035 1
135 7.337121585767497 1
106 7.339492230284015 0
18 7.343560658848728 1
12 7.3439717128187105 1
140 7.344917218288951 1
34 7.345503318756215 1
114 7.346694584515289 1
50 7.346908940036681 1
83 7.3490662321108395 1
111 7.352806703698076 1
139 7.358500863819371 1
70 7.359425288461064 0
104 7.363757228967334 0
137 7.36515625128613 1
89 7.366966260367121 1
93 7.37204858674354 1
60 7.373516192919155 0
71 7.384461780189379 1
90 7.388832102647679 0
79 7.397414104108654 1
141 7.404705925988315 1
110 7.408705446434152 1
134 7.408879218635789 1
28 7.413288243445456 1
46 7.417142270068277 0
124 7.419005999751948 0
3 7.421694622966643 0
94 7.438781714537579 1
136 7.441952083470291 1
35 7.452810328851024 0
65 7.461744691822368 1
7 7.470320931575362 1
23 7.47435620226968 1
48 7.476878180915726 1
64 7.482591480454304 0
63 7.485161534863696 0
27 7.489534499754419 1
44 7.492201194657262 0
131 7.501506794182723 0
127 7.50543955619595 1
138 7.508808796396994 1
81 7.519092695323927 1
86 7.522821742501395 1
129 7.523017419346298 1
105 7.526371389461814 0
91 7.538651859138605 1
14 7.542344874272211 1
30 7.546938987425652 1
112 7.547621114041747 1
15 7.554415520627766 1
56 7.555009302792389 1
8 7.555365357276564 0
88 7.556242594442031 1
82 7.558792579507046 1
85 7.562203719566481 1
11 7.562260977423019 0
33 7.562851432503234 1
133 7.564712839427979 1
52 7.568208857531692 0
73 7.5790644255365125 1
75 7.581982000082515 1
36 7.584264360218615 1
41 7.586984429711262 1
78 7.589421727481618 1
101 7.593632458975693 1
100 7.597799880034779 1
149 7.600000000000002 1
150 7.600000000000002 1
151 7.600000000000002 1
152 7.600000000000002 1
153 7.600000000000002 1
154 7.600000000000002 1
102 7.608666396994255 1
67 7.611659625889151 1
96 7.617441758672132 1
37 7.6254409349816745 0
130 7.627445621801541 1
118 7.629716244259419 1
72 7.634844170809198 1
68 7.636287595526908 1
24 7.636377861183296 0
87 7.636527572632479 1
132 7.639974485179593 1
74 7.642055906935081 0
55 7.6464796177381 1
123 7.647988121849639 1
9 7.656289893127434 1
120 7.664648154629766 1
22 7.676077603094998 0
77 7.685477765881455 1
125 7.686763291941502 1
66 7.691953169986766 1
29 7.693648454342226 1
117 7.699836316949642 1
143 7.701045196102296 1
57 7.712836467802423 1
99 7.720894745280774 1
51 7.7211302798184835 0
5 7.721202601818168 0
147 7.7235918564617165 0
20 7.733029651676319 1
92 7.734721383319652 0
121 7.736755754432244 0
49 7.740994671949931 1
32 7.743168968960108 1
148 7.743564962623472 1
19 7.745377499617387 1
103 7.746053658868908 1
145 7.748369538698785 1
97 7.749059967297477 1
61 7.750389467770107 1
146 7.751119687399184 1
144 7.754710477349553 1
13 7.766053352120758 1
142 7.76714657080062 1
58 7.7765894202591435 1
47 7.781796684956236 1
2 7.782801881658723 0
113 7.7909931749103984 1
116 7.79283149854913 1
42 7.796144449354704 1
84 7.799062162706121 1
38 7.804626938073306 1
10 7.806086366527241 1
17 7.811533862868806 1
45 7.811689262997461 1
25 7.812252781622727 1
43 7.81261856285292 1
4 7.813556438282582 0
1 7.815881701487512 0
21 7.821291193946692 1
6 7.821883419714139 1
119 7.821994387703831 1
16 7.82358687017503 1
128 7.827549747201487 1
18 7.833131369438643 1
12 7.833569827006625 0
76 7.833614478578032 0
53 7.836033867864847 0
80 7.8378427662898655 1
69 7.839543126821459 1
122 7.842465096855664 1
40 7.846976652768871 1
106 7.847390676340818 0
54 7.851510955071815 0
126 7.8583057695446215 0
46 7.864614752381222 0
31 7.8651791510950595 0
107 7.869482157029597 1
60 7.8708678122110705 0
79 7.872090867122235 1
115 7.8721036678903085 1
98 7.873359769518555 1
135 7.874243171534993 1
62 7.87489031427228 1
39 7.876159609566905 0
104 7.8765086747608 0
26 7.877388322851662 0
95 7.882956764863887 1
140 7.8898344365779005 1
109 7.890853092183887 1
34 7.890961928652566 1
111 7.891008379622595 1
139 7.917001727638741 1
89 7.9281273037616415 1
70 7.929353449518697 0
137 7.930312502572259 1
108 7.94012279981431 0
50 7.94100993337409 1
94 7.9452453336271756 1
3 7.951815667464261 0
71 7.957519502713051 1
59 7.960597812047661 1
110 7.96088180804269 1
28 7.964395597065911 0
48 7.96661802932537 1
35 7.973877856255276 0
83 7.973910604129313 1
105 7.980766621038783 0
155 8.000000000000002 1
156 8.000000000000002 1
157 8.000000000000002 1
158 8.000000000000002 1
159 8.000000000000002 1
160 8.000000000000002 1
161 8.000000000000002 1
27 8.004114076658606 1
141 8.00941185197663 1
134 8.017758437271576 1
52 8.032226262326 0
91 8.044173553301263 0
93 8.046458304092248 1
64 8.04732386717145 0
63 8.050179483181884 0
131 8.052260191274083 0
85 8.057479184512292 1
127 8.058159334293924 1
114 8.062259446020384 0
30 8.065934294150702 1
90 8.066598523177214 0
154 8.074090801852405 1
23 8.08111585702147 1
86 8.083224848573023 1
136 8.08390416694058 1
129 8.084526129019446 1
67 8.092825588478066 1
7 8.092847675873308 1
15 8.094016629244035 1
9 8.106659886840813 1
56 8.110510233071627 1
36 8.116286390236834 1
82 8.124334376579482 1
72 8.127604634232442 1
65 8.127708219225564 1
124 8.128508999627922 0
75 8.12972975009283 1
100 8.13076652670724 1
112 8.134526392552184 1
8 8.136547307836299 0
118 8.137145305324275 1
87 8.14109351921154 1
44 8.146890216285847 0
133 8.147069259141968 1
96 8.153682051784154 1
51 8.161217224419905 0
149 8.16192201641892 1
102 8.170399676393105 1
14 8.170873613794896 1
81 8.172274811211249 1
68 8.173652883918788 1
120 8.180810193287208 1
41 8.185682872682388 1
74 8.197312895301966 0
123 8.197317495799519 1
143 8.20209039220459 1
73 8.204645057756014 1
22 8.20500664948692 0
55 8.21112757951191 1
78 8.216481974264706 1
138 8.217617592793985 1
29 8.223929104676243 1
117 8.224795396187051 1
19 8.229463593343473 1
150 8.233312885705084 1
153 8.23642848276302 1
33 8.239136575753557 1
130 8.24116843270231 1
152 8.244579720754723 1
77 8.246162486616637 1
147 8.24718371292343 0
125 8.249017722588668 1
11 8.249739248097839 0
24 8.257866757654504 0
132 8.259961727769388 1
84 8.265624625229023 1
88 8.267491113330436 1
121 8.270944693040306 0
42 8.272770945458912 1
99 8.274377202827571 1
13 8.28379024226214 1
148 8.28712992524694 1
45 8.289511513997265 1
101 8.292040573719616 1
145 8.296739077397568 1
146 8.302239374798367 1
144 8.309420954699103 1
46 8.312087234694166 0
5 8.315141263496487 0
18 8.322702080028558 1
12 8.323167941194539 0
43 8.330336776423996 1
142 8.334293141601238 1
4 8.334460200834753 0
103 8.33526439064269 1
37 8.339378816646304 0
116 8.341039373186412 1
47 8.343778201770439 1
16 8.3451593281867 1
79 8.346767630135817 1
49 8.355094139144924 1
106 8.35528912239762 0
92 8.35717494720626 0
40 8.358282549135707 1
21 8.361390516557975 1
80 8.367573112076098 1
60 8.368219431502986 0
58 8.37398824473238 1
32 8.374366147956481 1
20 8.377448789316013 1
119 8.377492984629788 1
104 8.389260120554267 0
25 8.396607180091287 1
69 8.399492363134954 1
162 8.400000000000002 1
163 8.400000000000002 1
164 8.400000000000002 1
165 8.400000000000002 1
10 8.406554548567797 1
31 8.408654470410063 0
135 8.41136475730249 1
76 8.412816288400286 0
97 8.418871960756972 1
61 8.419188151241372 1
53 8.419637254651333 0
6 8.42356675969215 1
111 8.429210055547113 1
2 8.431368705130284 0
140 8.434751654866849 1
105 8.435161852615753 0
34 8.436420538548917 1
54 8.436662050578995 0
113 8.438741468637998 1
94 8.451708952716773 1
48 8.456357877735014 1
122 8.456620129140884 1
95 8.463449559007868 1
38 8.465089631880637 1
1 8.46720517661147 0
57 8.471813106059912 1
139 8.475502591458111 1
156 8.477558009366655 1
126 8.477741026059494 0
3 8.481936711961877 0
107 8.483378588435516 1
89 8.489288347156162 1
35 8.494945383659529 0
137 8.495468753858388 1
52 8.496243667120309 0
70 8.49928161057633 0
66 8.507278698317894 1
109 8.509023710620664 1
110 8.513058169651227 1
28 8.515502950686365 0
27 8.518693653562792 1
26 8.520787261292721 0
160 8.521434777392498 1
17 8.521673304947788 1
71 8.530577225236723 1
151 8.533604537036869 1
161 8.53494704200685 1
50 8.5351109267115 1
115 8.540129584862886 1
128 8.541324620802229 1
154 8.548181603704807 1
91 8.549695247463921 0
85 8.552754649458102 1
9 8.557029880554191 1
62 8.559251603556316 1
98 8.568031723422267 1
108 8.568147359777171 0
157 8.56849278966786 1
67 8.57399155106698 1
30 8.584929600875753 1
158 8.594461217560822 1
83 8.598754976147786 1
51 8.601304169021327 0
131 8.603013588365444 0
127 8.610879112391897 1
64 8.612056253888595 0
141 8.614117777964944 1
63 8.615197431500071 0
72 8.620365097655686 1
134 8.626637655907363 1
15 8.633617737860304 1
86 8.64362795464465 1
118 8.64457436638913 1
87 8.6456594657906 1
129 8.646034838692595 1
36 8.648308420255052 1
59 8.655672538553619 1
100 8.663733173379704 1
56 8.666011163350866 1
75 8.677477500103144 1
23 8.687875511773258 1
82 8.689876173651918 1
96 8.689922344896175 1
120 8.696972231944649 1
143 8.703135588306885 1
68 8.711018172310666 1
19 8.713549687069559 1
7 8.715374420171255 1
8 8.717729258396034 0
93 8.720868021440955 1
112 8.72143167106262 1
149 8.723844032837839 1
136 8.725856250410867 1
133 8.729425678855957 1
102 8.732132955791956 1
84 8.732187087751926 1
22 8.733935695878843 0
90 8.744364943706751 0
123 8.746646869749398 1
42 8.74939744156312 1
117 8.749754475424462 1
74 8.752569883668851 0
159 8.7537465910587 1
29 8.75420975501026 1
46 8.759559717007111 0
45 8.767333764997069 1
147 8.770775569385144 0
55 8.77577554128572 1
114 8.77782430752548 0
41 8.784381315653516 1
65 8.79367174662876 1
14 8.79940235331758 1
166 8.800000000000002 1
167 8.800000000000002 1
168 8.800000000000002 1
13 8.801527132403525 1
44 8.801579237914432 0
121 8.805133631648367 0
77 8.806847207351819 1
125 8.811272153235835 1
155 8.81155022236088 1
18 8.812272790618472 1
12 8.812766055382452 0
79 8.821444393149399 1
81 8.825456927098571 1
99 8.827859660374367 1
39 8.829896696647891 0
73 8.830225689975515 1
148 8.830694887870411 1
124 8.838011999503895 0
78 8.843542221047795 1
145 8.84510861609635 1
43 8.848054989995072 1
146 8.85335906219755 1
130 8.85489124360308 1
4 8.855363963386925 0
106 8.863187568454423 0
144 8.864131432048653 1
60 8.865571050794902 0
150 8.866625771410167 1
16 8.866731786198368 1
40 8.869588445502544 1
153 8.872856965526038 1
24 8.879355654125714 0
132 8.879948970359184 0
164 8.888896333664473 1
152 8.889159441509443 1
116 8.889247247823695 1
105 8.889557084192722 0
80 8.89730345786233 1
142 8.901439712401856 1
21 8.901489839169258 1
104 8.902011566347733 0
47 8.905759718584642 1
5 8.909079925174808 0
33 8.91542171900388 1
103 8.924475122416473 1
138 8.926426389190977 0
119 8.932991581555745 1
11 8.937217518772659 0
48 8.946097726144657 1
135 8.948486343069986 1
31 8.952129789725067 0
156 8.955116018733309 1
94 8.95817257180637 1
69 8.95944159944845 1
52 8.960261071914617 0
111 8.967411731471632 1
49 8.969193606339918 1
58 8.971387069205619 1
88 8.978739632218842 1
92 8.97962851109287 0
140 8.979668873155799 1
25 8.980961578559848 1
34 8.98187914844527 1
165 8.984183408731381 1
162 8.987627941004282 1
101 8.99044868846354 1
76 8.992018098222541 0
53 9.003240641437818 0
32 9.005563326952855 1
10 9.007022730608353 1
9 9.00739987426757 1
3 9.012057756459495 0
35 9.01601291106378 0
54 9.021813146086176 0
20 9.021867926955705 1
154 9.022272405557208 1
6 9.025250099670162 1
27 9.033273230466978 0
139 9.034003455277482 1
51 9.04139111362275 0
160 9.042869554784994 0
95 9.04394235315185 1
85 9.048030114403911 1
89 9.050449390550682 1
37 9.053316698310935 0
67 9.055157513655894 1
91 9.055216941626579 0
137 9.060625005144516 1
110 9.065234531259765 1
28 9.06661030430682 0
163 9.068704251646665 1
70 9.069209771633965 0
161 9.069894084013699 1
122 9.070775161426104 1
2 9.079935528601844 0
113 9.086489762365598 1
61 9.087986834712636 1
97 9.088683954216467 1
126 9.097176282574367 0
107 9.097275019841435 1
71 9.103634947760394 1
30 9.103924907600804 1
72 9.11312556107893 1
1 9.11852865173543 0
38 9.125552325687968 0
109 9.127194329057442 0
50 9.12921192004891 1
157 9.13698557933572 1
87 9.15022541236966 1
118 9.152003427453984 1
131 9.153766985456805 0
127 9.16359889048987 1
26 9.16418619973378 0
15 9.173218846476573 1
64 9.17678864060574 0
63 9.180215379818259 0
36 9.18033045027327 1
158 9.188922435121642 1
108 9.196171919740033 0
100 9.196699820052167 1
19 9.197635780795645 1
84 9.19874955027483 1
169 9.200000000000003 0
170 9.200000000000003 1
86 9.204031060716277 0
143 9.20418078440918 1
46 9.207032199320055 0
129 9.207543548365743 1
115 9.208155501835462 1
120 9.21313427060209 1
141 9.218823703953259 1
56 9.221512093630105 0
83 9.223599348166259 1
75 9.225225250113459 1
42 9.226023937667328 1
96 9.226162638008196 1
57 9.2307897443174 1
17 9.23181274702677 1
134 9.23551687454315 1
62 9.243612892840352 1
45 9.245156015996873 1
68 9.248383460702545 0
128 9.255099494402971 1
82 9.255417970724354 1
98 9.262703677325979 1
22 9.262864742270766 0
117 9.274713554661872 1
29 9.284490405344277 1
149 9.285766049256758 1
102 9.293866235190807 1
147 9.294367425846858 0
23 9.294635166525048 1
123 9.295976243699277 1
79 9.29612115616298 1
8 9.298911208955769 0
18 9.301843501208387 1
12 9.302364169570366 0
74 9.307826872035736 0
112 9.308336949573055 1
133 9.311782098569946 1
168 9.3189991553393 1
13 9.319264022544909 1
66 9.322604226649021 1
7 9.337901164469201 1
121 9.339322570256428 0
55 9.34042350305953 1
105 9.343952315769691 0
59 9.350747265059576 0
60 9.362922670086817 0
43 9.365773203566148 1
77 9.367531928087 1
136 9.367808333881156 1
106 9.371086014511226 0
125 9.373526583883002 1
148 9.374259850493882 1
4 9.376267725939096 0
164 9.377792667328944 1
40 9.38089434186938 1
99 9.381342117921163 1
41 9.383079758624643 1
16 9.388304244210037 1
145 9.393478154795133 1
93 9.395277738789662 1
146 9.404478749596732 1
104 9.414763012141199 0
167 9.417128507367169 1
144 9.418841909398203 1
90 9.422131364236288 0
52 9.424278476708926 0
80 9.427033803648563 1
14 9.427931092840264 1
156 9.432674028099962 1
166 9.43581138312445 1
48 9.4358375745543 1
116 9.437455122460978 1
21 9.441589161780541 1
73 9.455806322195016 1
44 9.456268259543016 0
9 9.457769867980948 1
65 9.459635274031957 1
94 9.464636190895968 1
151 9.467209074073734 1
47 9.467741235398845 1
142 9.468586283202475 1
130 9.468614054503849 1
78 9.470602467830883 1
81 9.478639042985893 1
51 9.481478058224171 0
135 9.485607928837481 1
119 9.488490178481703 1
114 9.493389169030575 0
31 9.49560510904007 0
154 9.49636320740961 1
132 9.49993621294898 0
150 9.49993865711525 1
24 9.500844550596923 0
5 9.503018586853129 0
111 9.505613407396151 1
159 9.507493182117399 1
153 9.509285448289056 1
103 9.513685854190255 1
69 9.519390835761946 1
140 9.524586091444748 1
34 9.527337758341622 1
152 9.533739162264164 1
67 9.536323476244808 1
35 9.537080438468033 0
3 9.542178800957112 0
85 9.54330557934972 1
124 9.547514999379867 0
27 9.547852807371164 0
91 9.560738635789237 0
160 9.56430433217749 0
25 9.565315977028408 1
165 9.56836681746276 1
58 9.568785893678857 1
76 9.571219908044796 0
162 9.575255882008562 1
49 9.583293073534911 1
53 9.586844028224304 0
33 9.591706862254204 1
139 9.592504319096852 1
171 9.600000000000003 0
172 9.600000000000003 0
173 9.600000000000003 1
174 9.600000000000003 1
92 9.602082074979478 0
161 9.604841126020547 1
72 9.605886024502173 1
54 9.606964241593356 0
10 9.60749091264891 1
89 9.611610433945202 1
110 9.617410892868303 1
28 9.617717657927276 0
30 9.622920214325855 0
155 9.623100444721759 1
95 9.624435147295832 1
11 9.624695789447479 0
137 9.625781256430644 1
6 9.626933439648173 1
138 9.63523518558797 0
32 9.636760505949228 1
70 9.639137932691598 0
46 9.654504681633 0
87 9.654791358948719 1
118 9.659432488518839 1
84 9.665312012797733 0
20 9.666287064595398 1
71 9.676692670284066 1
19 9.681721874521731 1
122 9.684930193711324 1
101 9.688856803207463 1
88 9.689988151107247 1
42 9.702650433771536 1
131 9.704520382548166 0
143 9.705225980511475 1
157 9.705478369003579 1
107 9.711171451247354 1
36 9.71235248029149 1
15 9.712819955092842 1
127 9.716318668587844 1
126 9.71661153908924 0
45 9.722978266996677 1
50 9.72331291338632 1
2 9.728502352073404 0
120 9.729296309259531 0
100 9.72966646672463 0
113 9.734238056093199 1
163 9.737408503293327 1
64 9.741521027322884 0
63 9.745233328136447 0
109 9.74536494749422 0
61 9.7567855181839 1
97 9.758495947675963 0
96 9.762402931120217 1
86 9.764434166787904 0
37 9.767254579975566 0
129 9.769052258038892 1
1 9.769852126859389 0
79 9.770797919176562 1
75 9.772973000123773 0
56 9.777013023909344 0
158 9.783383652682462 1
39 9.783633783728877 0
68 9.785748749094424 0
38 9.786015019495299 0
169 9.787724535859514 0
18 9.791414211798301 1
22 9.79179378866269 0
12 9.791962283758279 0
105 9.79834754734666 0
117 9.799672633899283 1
26 9.80758513817484 0
29 9.814771055678294 1
147 9.817959282308571 0
82 9.82095976779679 1
141 9.823529629941573 1
108 9.824196479702895 0
13 9.837000912686293 1
168 9.837998310678598 1
134 9.844396093178936 1
123 9.845305617649156 1
149 9.847688065675676 1
83 9.848443720184731 0
102 9.855599514589658 1
170 9.85715698621265 1
60 9.860274289378733 0
74 9.863083860402622 0
164 9.866689000993414 1
121 9.873511508864489 0
115 9.876181418808038 1
106 9.878984460568029 0
8 9.880093159515503 0
43 9.883491417137224 1
52 9.888295881503234 0
40 9.892200238236217 1
133 9.894138518283935 1
112 9.895242228083491 0
4 9.897171488491267 0
23 9.901394821276837 1
55 9.90507146483334 1
9 9.908139861694327 1
16 9.909876702221705 1
156 9.910232037466615 1
148 9.917824813117353 1
51 9.921565002825593 0
48 9.925577422963944 1
104 9.927514457934665 0
62 9.927974182124387 1
77 9.928216648822183 1
99 9.934824575467958 1
125 9.93578101453017 1
145 9.941847693493916 1
17 9.941952189105754 1
146 9.955598436995915 1
80 9.956764149434795 1
98 9.95737563122969 1
7 9.960427908767148 1
128 9.968874368003714 1
154 9.970454009262012 1
94 9.971099809985565 1
144 9.973552386747754 1
21 9.981688484391825 1
41 9.98177820159577 1
116 9.985662997098261 1
57 9.989766382574889 1
175 10.000000000000004 1
176 10.000000000000004 1
177 10.000000000000004 0
178 10.000000000000004 1
136 10.009760417351444 1
67 10.017489438833723 1
135 10.022729514604977 1
47 10.029722752213049 1
167 10.034257014734335 1
142 10.035732854003093 1
85 10.03858104429553 1
31 10.039080428355074 0
111 10.04381508332067 1
119 10.04398877540766 0
59 10.045821991565534 0
14 10.056459832362949 1
35 10.058147965872285 0
27 10.06243238427535 0
91 10.066260329951895 0
140 10.069503309733697 1
93 10.06968745613837 1
166 10.071622766248899 1
3 10.07229984545473 0
34 10.072796368237974 1
69 10.079340072075443 1
73 10.081386954414517 0
130 10.082336865404619 1
160 10.085739109569987 0
5 10.09695724853145 0
78 10.097662714613971 1
72 10.098646487925416 1
90 10.099897784765824 0
46 10.101977163945945 0
103 10.102896585964038 1
44 10.1109572811716 0
132 10.119923455538775 0
24 10.122333447068133 0
171 10.123919700630356 0
65 10.125598801435153 1
81 10.131821158873215 1
84 10.131874475320636 0
150 10.133251542820332 1
66 10.13792975498015 1
161 10.139788168027396 1
30 10.141915521050906 0
153 10.145713931052073 1
25 10.149670375496969 1
76 10.15042171786705 0
139 10.151005182916222 1
173 10.151553984858532 1
165 10.152550226194139 1
87 10.159357305527779 1
162 10.162883823012843 1
19 10.165807968247817 1
58 10.166184718152095 1
118 10.166861549583693 1
172 10.168503798070704 0
28 10.168825011547732 0
110 10.169587254476841 1
53 10.17044741501079 0
89 10.172771477339722 1
152 10.178318883018884 1
42 10.179276929875744 1
137 10.190937507716772 1
54 10.192115337100537 0
49 10.197392540729904 1
45 10.20080051799648 1
95 10.204927941439815 1
143 10.20627117661377 1
10 10.207959094689466 1
114 10.20895403053567 0
70 10.209066093749232 0
92 10.224535638866087 0
6 10.228616779626185 1
36 10.244374510309708 1
120 10.245458347916973 0
79 10.245474682190144 1
71 10.249750392807737 1
174 10.249777148226208 1
15 10.25242106370911 1
105 10.25274277892363 0
131 10.255273779639527 0
124 10.25701799925584 0
159 10.261239773176097 1
100 10.262633113397094 0
32 10.267957684945602 1
33 10.267992005504528 1
127 10.269038446685817 1
157 10.273971158671438 1
18 10.280984922388216 1
12 10.281560397946192 0
96 10.298643224232238 1
122 10.299085225996544 1
64 10.306253414040029 0
63 10.310251276454634 0
20 10.31070620223509 1
11 10.312174060122299 0
50 10.31741390672373 1
75 10.320720750134088 0
22 10.320722835054612 0
68 10.323114037486302 0
117 10.324631713136693 1
86 10.324837272859531 0
107 10.325067882653274 1
129 10.33056096771204 1
56 10.332513954188583 0
126 10.336046795604112 0
147 10.341551138770285 0
138 10.344043981984962 0
29 10.345051706012311 1
52 10.352313286297543 0
13 10.354737802827676 1
164 10.355585334657885 1
168 10.356997466017896 1
60 10.357625908670649 0
9 10.358509855407705 1
51 10.361651947427015 0
109 10.363535565930999 0
169 10.375449071719025 0
2 10.377069175544964 0
158 10.377844870243282 1
113 10.3819863498208 1
82 10.386501564869226 1
106 10.386882906624832 0
101 10.387264917951386 1
156 10.387790046833269 1
123 10.394634991599036 1
179 10.400000000000004 1
180 10.400000000000004 1
181 10.400000000000004 1
182 10.400000000000004 1
151 10.4008136111106 1
43 10.4012096307083 1
88 10.401236669995653 1
40 10.403506134603054 1
163 10.40611275493999 1
121 10.40770044747255 0
149 10.409610082094595 1
48 10.415317271373587 1
102 10.417332793988509 1
4 10.418075251043438 0
74 10.418340848769507 0
1 10.421175601983348 0
61 10.425584201655164 1
141 10.428235555929888 1
97 10.428307941135458 0
16 10.431449160233374 1
155 10.434650667082638 1
104 10.44026590372813 0
154 10.444544811114413 1
38 10.44647771330263 0
26 10.4509840766159 0
108 10.452221039665757 0
134 10.453275311814723 1
8 10.461275110075238 0
148 10.461389775740823 1
55 10.46971942660715 1
83 10.473288092203203 0
133 10.476494937997924 1
94 10.477563429075163 1
37 10.481192461640196 0
112 10.482147506593927 0
80 10.486494495221027 1
99 10.488307033014754 1
77 10.488901369557365 1
145 10.490217232192698 1
125 10.498035445177337 1
67 10.498655401422637 1
177 10.501042852495457 0
146 10.506718124395098 1
23 10.508154476028626 1
170 10.514313972425295 1
21 10.521787807003108 1
144 10.528262864097304 1
85 10.533856509241339 1
116 10.533870871735544 1
115 10.544207335780614 1
175 10.548629709640165 1
46 10.54944964625889 0
135 10.559851100372473 1
91 10.571782024114553 0
178 10.57333848049349 1
27 10.577011961179537 0
35 10.579215493276537 0
41 10.580476644566897 1
111 10.582016759245189 1
31 10.582555747670078 0
7 10.582954653065094 1
72 10.59140695134866 1
47 10.591704269027252 1
84 10.59843693784354 0
119 10.599487372333618 0
3 10.602420889952347 0
142 10.602879424803712 1
176 10.6061215636071 1
160 10.607173886962483 0
62 10.612335471408423 1
140 10.614420528022647 1
34 10.618254978134326 1
69 10.639289308388939 1
171 10.64783940126071 0
19 10.649894061973903 1
167 10.651385522101501 1
136 10.651712500821732 1
98 10.6520475851334 1
17 10.652091631184737 1
42 10.655903425979952 1
30 10.660910827775957 0
87 10.663923252106839 1
118 10.674290610648548 1
161 10.674735210034244 1
45 10.678622768996284 1
128 10.682649241604457 1
14 10.684988571885633 1
5 10.69089591020977 0
103 10.69210731773782 1
130 10.696059676305389 1
173 10.703107969717061 1
73 10.706967586634018 0
105 10.707138010500598 0
143 10.707316372716065 1
166 10.707434149373347 1
139 10.709506046735592 1
28 10.719932365168187 0
79 10.720151445203726 1
110 10.72176361608538 1
78 10.72472296139706 1
76 10.729623527689306 0
89 10.733932520734243 1
25 10.73402477396553 1
165 10.736733634925518 1
172 10.737007596141405 0
39 10.737370870809864 0
132 10.73991069812857 0
59 10.740896718071491 0
24 10.743822343539343 0
93 10.744097173487077 1
57 10.748743020832377 1
162 10.750511764017123 1
53 10.754050801797275 0
137 10.7560937590029 1
120 10.761620386574414 0
58 10.763583542625334 1
44 10.765646302800185 0
150 10.766564428525415 1
18 10.77055563297813 1
12 10.771158512134106 0
36 10.776396540327926 1
54 10.777266432607718 0
90 10.77766420529536 0
70 10.778994254806866 0
153 10.782142413815091 1
81 10.785003274760538 1
95 10.785420735583797 1
65 10.79156232883835 1
15 10.79202217232538 1
100 10.795599760069557 0
183 10.800000000000004 1
184 10.800000000000004 1
51 10.801738892028437 0
131 10.806027176730888 0
10 10.808427276730022 1
9 10.808879849121084 1
49 10.811492007924898 1
52 10.816330691091851 0
127 10.82175822478379 1
71 10.822808115331409 1
152 10.822898603773604 0
6 10.830300119604196 1
96 10.83488351734426 0
157 10.842463948339297 1
164 10.844481668322356 1
92 10.846989202752695 0
117 10.849590792374103 1
22 10.849651881446535 0
60 10.854977527962564 0
68 10.860479325878181 0
147 10.865142995231999 0
156 10.865348056199922 1
75 10.868468500144402 0
64 10.870985800757174 0
13 10.87247469296906 1
63 10.875269224772822 0
29 10.875332356346329 1
168 10.875996621357194 1
86 10.885240378931158 0
56 10.888014884467822 0
129 10.892069677385189 1
106 10.894781352681635 0
32 10.899154863941975 1
174 10.899554296452413 1
48 10.90505711978323 1
50 10.911514900061139 1
122 10.913240258281764 1
40 10.914812030969891 1
154 10.918635612966815 1
43 10.918927844279375 1
114 10.924518892040766 0
107 10.938964314059193 0
4 10.93897901359561 0
121 10.94188938608061 0
123 10.943964365548915 1
33 10.944277148754852 1
82 10.952043361941662 1
104 10.953017349521597 0
16 10.953021618245042 1
66 10.953255283311277 1
20 10.955125339874783 1
126 10.955482052118985 0
169 10.963173607578536 0
124 10.966520999131813 0
149 10.971532098513514 1
158 10.972306087804101 1
74 10.973597837136392 0
181 10.974922196566105 1
102 10.97906607338736 1
67 10.979821364011551 1
109 10.981706184367777 0
94 10.98402704816476 1
182 10.993358091780088 0
180 10.995757341173231 1
46 10.996922128571834 0
11 10.999652330797119 0
177 11.002085704990911 0
179 11.00254042388006 1
148 11.004954738364294 1
159 11.014986364234796 1
80 11.01622484100726 1
2 11.025635999016524 0
85 11.029131974187148 1
113 11.0297346435484 1
141 11.032941481918202 1
55 11.034367388380959 1
145 11.03858677089148 1
99 11.04178949056155 1
8 11.042457060634973 0
77 11.049586090292546 1
138 11.052852778381954 0
146 11.05783781179428 1
133 11.058851357711912 1
125 11.060289875824504 0
21 11.06188712961439 1
134 11.06215453045051 1
84 11.064999400366442 0
112 11.069052785104363 0
1 11.072499077107308 0
163 11.074817006586652 1
91 11.07730371827721 0
108 11.080245599628618 0
116 11.082078746372828 1
144 11.082973341446854 1
72 11.084167414771903 1
101 11.08567303269531 1
27 11.091591538083723 0
61 11.094382885126429 1
26 11.094383015056959 0
135 11.096972686139969 1
175 11.097259419280327 1
97 11.098119934594953 0
83 11.098132464221676 0
35 11.10028302068079 0
38 11.10694040710996 0
88 11.112485188884058 1
23 11.114914130780415 1
111 11.120218435169708 1
31 11.126031066985082 0
160 11.12860866435498 0
42 11.13252992208416 1
3 11.132541934449964 0
19 11.13398015569999 1
178 11.146676960986976 1
47 11.153685785841455 1
119 11.154985969259576 0
45 11.156445019996088 1
140 11.159337746311596 1
105 11.161533242077567 0
34 11.163713588030678 1
87 11.168489198685899 0
142 11.17002599560433 1
170 11.171470958637942 1
171 11.171759101891062 0
41 11.179175087538024 1
30 11.179906134501008 0
118 11.181719671713402 1
79 11.194828208217308 1
37 11.195130343304827 0
69 11.199238544702435 1
185 11.200000000000005 1
186 11.200000000000005 1
7 11.205481397363041 1
143 11.20836156881836 1
161 11.209682252041093 1
115 11.21223325275319 1
176 11.212243127214197 1
51 11.24182583662986 0
155 11.246200889443516 1
173 11.25466195457559 1
9 11.259249842834462 1
18 11.260126343568045 1
12 11.260756626322019 0
139 11.268006910554963 0
167 11.268514029468667 0
28 11.271039718788643 0
110 11.273939977693917 1
120 11.277782425231855 0
52 11.28034809588616 0
103 11.281318049511603 0
5 11.28483457188809 0
136 11.29366458429202 1
89 11.295093564128763 0
62 11.296696760692459 1
183 11.297568650611707 1
172 11.305511394212106 0
36 11.308418570346145 1
76 11.30882533751156 0
130 11.309782487206158 1
14 11.313517311408317 1
25 11.31837917243409 0
165 11.320917043656896 0
137 11.321250010289027 1
100 11.32856640674202 0
15 11.331623280941649 1
73 11.33254821885352 0
164 11.333378001986826 1
151 11.334418148147465 1
53 11.33765418858376 0
162 11.338139705021403 1
156 11.342906065566575 1
166 11.343245532497795 1
98 11.346719539037112 1
70 11.3489224158645 0
78 11.351783208180148 1
60 11.35232914725448 0
131 11.356780573822249 0
132 11.359897940718366 0
58 11.360982367098572 1
17 11.36223107326372 1
54 11.362417528114898 0
24 11.365311240010552 0
95 11.365913529727779 1
96 11.37112381045628 0
127 11.374478002881764 1
117 11.374549871611514 1
22 11.378580927838458 0
147 11.388734851693712 0
13 11.390211583110444 1
154 11.392726414819217 1
48 11.394796968192873 1
168 11.394995776696492 1
71 11.39586583785508 1
128 11.3964241152052 1
68 11.39784461427006 0
150 11.399877314230498 1
106 11.402679798738438 0
29 11.405613006680346 1
10 11.408895458770578 1
157 11.410956738007156 1
75 11.416216250154717 0
93 11.418506890835785 1
153 11.418570896578109 0
44 11.42033532442877 0
49 11.42559147511989 1
40 11.426117927336728 1
6 11.431983459582208 1
64 11.435718187474318 0
59 11.435971444577449 0
43 11.436646057850451 1
81 11.43818539064786 0
63 11.44028717309101 0
56 11.44351581474706 0
46 11.444394610884778 0
86 11.445643485002785 0
129 11.453578387058338 1
90 11.455430625824897 0
65 11.457525856241546 1
4 11.459882776147781 0
67 11.460987326600465 1
104 11.465768795315062 0
152 11.467478324528324 0
92 11.469442766639304 0
16 11.474594076256711 1
121 11.476078324688672 0
94 11.490490667254358 1
123 11.493293739498794 1
177 11.503128557486365 0
50 11.505615893398549 1
57 11.507719659089865 1
82 11.517585159014098 1
85 11.524407439132958 1
122 11.527395290566984 1
74 11.528854825503277 0
32 11.530352042938349 1
84 11.531561862889346 0
149 11.533454114932432 1
184 11.540353991864812 1
102 11.54079935278621 1
80 11.545955186793492 1
148 11.548519700987764 1
174 11.549331444678618 1
181 11.549844393132206 1
169 11.550898143438047 0
107 11.552860745465113 0
158 11.566767305364921 1
126 11.574917308633857 0
72 11.576927878195146 1
91 11.582825412439869 0
182 11.586716183560172 0
145 11.586956309590263 1
180 11.591514682346459 1
99 11.595271948108346 1
55 11.599015350154769 1
20 11.599544477514476 1
109 11.599876802804555 0
187 11.600000000000005 1
188 11.600000000000005 1
189 11.600000000000005 1
21 11.601986452225674 1
179 11.605080847760116 1
27 11.606171114987909 0
146 11.608957499193464 1
42 11.609156418188368 1
77 11.610270811027728 1
105 11.615928473654536 0
19 11.618066249426075 1
33 11.620562292005175 1
35 11.621350548085042 0
125 11.62254430647167 0
8 11.623639011194708 0
116 11.63028662101011 1
135 11.634094271907465 1
45 11.634267270995892 0
141 11.637647407906517 1
144 11.637683818796404 1
114 11.640083753545861 0
133 11.641207777425901 1
175 11.645889128920489 1
160 11.650043441747476 0
112 11.655958063614799 0
111 11.658420111094227 1
3 11.662662978947582 0
79 11.66950497123089 1
31 11.669506386300085 0
134 11.671033749086297 1
87 11.673055145264959 0
2 11.674202822488084 0
124 11.676023999007786 0
113 11.677482937276 0
51 11.681912781231281 0
11 11.687130601471939 0
118 11.689148732778257 1
39 11.69110795789085 0
171 11.695678802521416 0
30 11.69890144122606 0
140 11.704254964600546 0
108 11.70827015959148 0
34 11.70917219792703 1
143 11.709406764920654 1
9 11.70961983654784 1
119 11.710484566185533 0
47 11.715667302655659 1
178 11.720015441480463 0
23 11.721673785532204 1
83 11.722976836240148 0
1 11.723822552231267 0
142 11.737172566404949 1
26 11.737781953498018 0
163 11.743521258233315 1
52 11.744365500680468 0
161 11.744629294047941 1
18 11.74969705415796 1
12 11.750354740509932 0
69 11.759187781015932 1
138 11.761661574778946 0
61 11.763181568597693 0
38 11.76740310091729 0
97 11.767931928054448 0
66 11.768580811642405 1
159 11.768732955293494 1
41 11.77787353050915 1
101 11.784081147439233 1
120 11.793944463889297 0
183 11.79513730122341 1
173 11.80621593943412 1
185 11.808513271217867 1
176 11.818364690821294 1
156 11.820464074933229 1
28 11.822147072409098 0
164 11.822274335651297 1
88 11.823733707772464 1
110 11.826116339302455 1
139 11.826507774374333 0
7 11.828008141660987 0
170 11.828627944850588 1
36 11.840440600364364 1
60 11.849680766546395 0
89 11.856254607523283 0
100 11.861533053414483 0
154 11.866817216671619 1
103 11.870528781285385 0
15 11.871224389557918 1
172 11.874015192282807 0
5 11.878773233566411 0
115 11.880259169725766 1
48 11.884536816602516 1
167 11.885642536835833 0
137 11.886406261575155 1
76 11.888027147333815 0
46 11.891867093197723 0
117 11.899508950848924 1
25 11.902733570902651 0
165 11.905100452388275 0
96 11.907364103568302 0
22 11.907509974230381 0
131 11.90753397091361 0
13 11.907948473251828 1
37 11.909068224969458 0
106 11.910578244795241 0
147 11.912326708155426 0
168 11.91399493203579 1
186 11.917787844506497 1
70 11.918850576922134 0
53 11.921257575370246 0
130 11.923505298106928 1
162 11.925767646025683 1
127 11.927197780979737 1
68 11.935209902661938 0
136 11.935616667762309 1
29 11.935893657014363 1
40 11.937423823703565 1
14 11.942046050931001 1
67 11.94215328918938 1
95 11.946406323871761 1
54 11.947568623622079 0
43 11.954364271421527 1
73 11.95812885107302 0
58 11.95838119157181 1
75 11.963964000165031 0
71 11.968923560378752 1
104 11.978520241108528 0
78 11.978843454963236 1
166 11.979056915622243 1
157 11.979449527675015 1
132 11.979885183308161 0
4 11.980786538699952 0
62 11.981058049976495 1
24 11.986800136481762 0
16 11.99616653426838 1
94 11.996954286343955 1
84 11.998124325412249 0
56 11.9990167450263 0
190 12.000000000000005 1
191 12.000000000000005 1
192 12.000000000000005 1
64 12.000450574191463 0
177 12.004171409981819 0
63 12.005305121409197 0
86 12.006046591074412 0
10 12.009363640811134 0
121 12.010267263296733 0
129 12.015087096731486 1
85 12.019682904078767 1
150 12.03319019993558 0
6 12.03366679956022 1
49 12.039690942314884 1
98 12.041391492940823 0
123 12.042623113448673 1
153 12.054999379341126 0
155 12.057751111804395 1
72 12.06968834161839 1
105 12.070323705231505 0
17 12.072370515342703 1
44 12.075024346057354 0
80 12.075685532579724 1
82 12.083126956086534 1
74 12.084111813870162 0
42 12.085782914292576 1
91 12.088347106602527 0
81 12.091367506535182 0
92 12.091896330525913 0
148 12.092084663611235 1
93 12.092916608184492 1
149 12.095376131351351 1
50 12.099716886735958 1
19 12.102152343152161 1
102 12.102532632185062 1
128 12.110198988805942 1
152 12.112058045283044 0
45 12.112089521995696 0
27 12.120750691892095 0
51 12.121999725832703 0
65 12.123489383644742 1
181 12.124766589698307 1
59 12.131046171083407 0
90 12.133197046354434 0
188 12.133508178855134 1
145 12.135325848289046 1
169 12.138622679297558 0
122 12.141550322852204 1
21 12.142085774836957 1
35 12.142418075489294 0
187 12.143138195469366 1
79 12.144181734244471 1
99 12.148754405655142 1
189 12.15607420011024 1
9 12.15998983026122 1
146 12.160077186592646 1
158 12.161228522925741 1
32 12.161549221934722 1
55 12.163663311928579 1
107 12.166757176871032 0
77 12.17095553176291 1
135 12.17121585767496 1
160 12.171478219139972 0
87 12.177621091844019 0
116 12.178494495647394 1
182 12.180074275340257 0
125 12.184798737118838 0
180 12.187272023519686 1
144 12.192394296145954 1
3 12.1927840234452 0
126 12.19435256514873 0
175 12.19451883856065 1
118 12.196577793843112 1
111 12.196621787018746 1
174 12.199108592904823 1
8 12.204820961754443 0
179 12.207621271640171 1
52 12.208382905474776 0
143 12.21045196102295 1
31 12.21298170561509 0
30 12.21789674795111 0
109 12.218047421241334 0
171 12.219598503151769 0
133 12.22356419713989 1
18 12.239267764747874 1
12 12.239952854697846 0
141 12.242353333894831 1
112 12.242863342125235 0
20 12.243963615154168 1
140 12.249172182889495 0
34 12.254630807823382 1
119 12.26598316311149 0
57 12.266696297347353 1
151 12.26802268518433 1
47 12.277648819469862 1
161 12.27957633605479 1
134 12.279912967722083 1
184 12.28070798372962 1
183 12.292705951835112 1
178 12.29335392197395 0
33 12.296847435255499 1
156 12.298022084299882 1
142 12.304319137205567 1
120 12.310106502546738 0
164 12.311170669315768 1
69 12.319137017329428 1
2 12.322769645959644 0
113 12.3252312310036 0
23 12.328433440283993 1
108 12.336294719554342 0
46 12.339339575510667 0
154 12.34090801852402 1
60 12.347032385838311 0
83 12.34782120825862 0
114 12.355648615050956 0
173 12.357769924292649 1
36 12.372462630382582 1
28 12.373254426029554 0
48 12.37427666501216 1
11 12.374608872146759 0
1 12.375146027355227 0
41 12.376571973480278 1
110 12.378292700910993 1
26 12.381180891939078 0
139 12.385008638193703 0
124 12.385526998883758 0
100 12.394499700086946 0
193 12.400000000000006 1
194 12.400000000000006 1
195 12.400000000000006 1
196 12.400000000000006 1
15 12.410825498174187 1
163 12.412225509879978 1
185 12.41702654243573 1
89 12.417415650917803 0
106 12.418476690852044 0
67 12.423319251778294 1
117 12.424468030086334 1
176 12.424486254428391 1
13 12.425685363393212 1
38 12.427865794724621 0
61 12.431980252068957 0
168 12.432994087375087 1
147 12.43591856461714 0
22 12.436439020622304 0
97 12.437743921513944 0
172 12.442518990353507 0
96 12.443604396680323 0
40 12.448729720070402 1
7 12.450534885958934 0
137 12.451562512861283 1
131 12.45828736800497 0
103 12.459739513059167 0
84 12.464686787935152 0
29 12.46617430734838 1
76 12.46722895715607 0
138 12.470470371175939 0
43 12.472082484992603 1
68 12.472575191053817 0
5 12.472711895244732 0
127 12.47991755907771 1
101 12.482489262183156 1
170 12.485784931063234 1
25 12.487087969371212 0
70 12.488778737979768 0
165 12.489283861119654 0
104 12.491271686901994 0
4 12.501690301252124 0
167 12.502771044203 0
94 12.503417905433553 1
53 12.504860962156732 0
177 12.505214262477272 0
75 12.511711750175346 0
190 12.513219453712686 1
162 12.513395587029963 1
85 12.514958369024576 1
16 12.517738992280048 1
159 12.522479546352193 1
105 12.524718936808474 0
95 12.526899118015743 1
54 12.53271971912926 0
88 12.534982226660869 1
130 12.537228109007698 1
71 12.541981282902423 1
121 12.544456201904794 0
157 12.547942317342875 1
115 12.548285086698343 1
56 12.554517675305538 0
58 12.555780016045048 1
51 12.562086670434125 0
42 12.562409410396784 1
72 12.562448805041633 1
64 12.565182960908608 0
86 12.566449697146039 0
63 12.570323069727385 0
14 12.570574790453685 1
129 12.576595806404635 1
136 12.577568751232597 1
73 12.583709483292521 0
66 12.583906339973533 1
19 12.586238436878247 1
45 12.5899117729955 0
123 12.591952487398553 1
91 12.593868800765184 0
191 12.595954426872446 1
132 12.599872425897956 0
192 12.601139265701521 1
80 12.605415878365957 1
78 12.605903701746325 1
24 12.608289032952971 0
10 12.60983182285169 0
9 12.610359823974598 1
166 12.614868298746691 1
79 12.618858497258053 1
37 12.623006106634088 0
27 12.635330268796281 0
6 12.63535013953823 1
186 12.63557568901299 1
148 12.635649626234706 1
74 12.639368802237048 0
39 12.644845044971836 0
82 12.64866875315897 1
49 12.653790409509877 1
149 12.65729814777027 1
35 12.663485602893546 0
102 12.664265911583913 1
62 12.66541933926053 1
150 12.666503085640663 0
188 12.667016357710263 1
52 12.672400310269085 0
21 12.68218509744824 1
87 12.682187038423079 0
145 12.683695386987829 1
187 12.686276390938726 1
153 12.691427862104144 0
160 12.692912996532469 0
50 12.693817880073368 1
181 12.699688786264408 1
99 12.702236863201938 1
118 12.704006854907966 1
135 12.708337443442456 1
146 12.71119687399183 1
143 12.711497157125244 1
189 12.712148400220475 1
92 12.714349894412521 0
3 12.722905067942817 0
169 12.72634721515707 0
116 12.726702370284677 1
55 12.728311273702388 1
18 12.728838475337788 1
12 12.729550968885759 0
44 12.729713367685939 0
77 12.731640252498092 1
111 12.734823462943265 1
98 12.736063446844534 0
30 12.736892054676161 0
175 12.743148548200812 1
171 12.743518203782122 0
81 12.744549622422504 0
125 12.747053167766005 0
144 12.747104773495504 1
158 12.755689740486561 1
122 12.755705355137424 1
31 12.756457024930093 0
152 12.756637766037764 0
93 12.7673263255332 1
182 12.773432367120341 0
156 12.775580093666536 1
107 12.780653608276952 0
17 12.782509957421686 1
180 12.783029364692913 1
8 12.786002912314178 0
46 12.786812057823612 0
65 12.789452911047938 1
183 12.790274602446814 1
32 12.792746400931096 1
140 12.794089401178445 0
197 12.800000000000006 1
198 12.800000000000006 1
199 12.800000000000006 1
200 12.800000000000006 1
164 12.800067002980239 1
34 12.800089417719734 1
133 12.805920616853879 1
179 12.810161695520227 1
90 12.81096346688397 0
126 12.813787821663603 0
161 12.814523378061638 1
154 12.814998820376422 1
119 12.821481760037448 0
128 12.823973862406685 1
59 12.826120897589364 0
120 12.826268541204179 0
112 12.82976862063567 0
109 12.836218039678112 0
47 12.839630336284065 1
60 12.844384005130227 0
141 12.847059259883146 1
174 12.848885741131028 1
48 12.864016513421802 0
178 12.866692402467436 0
155 12.869301334165273 1
142 12.871465708006186 1
69 12.879086253642924 1
20 12.888382752793861 1
134 12.88879218635787 1
36 12.9044846604008 1
67 12.904485214367208 1
173 12.909323909151178 0
28 12.92436177965001 0
106 12.926375136908847 0
100 12.92746634675941 0
110 12.930469062519531 1
84 12.931249250458055 0
196 12.931848332916285 1
23 12.935193095035782 1
13 12.943422253534596 1
139 12.943509502013073 0
117 12.949427109323745 1
15 12.950426606790456 1
168 12.951993242714385 1
147 12.959510421078853 0
40 12.960035616437239 1
108 12.964319279517204 0
22 12.965368067014227 0
2 12.971336469431204 0
83 12.972665580277093 0
113 12.972979524731201 0
33 12.973132578505822 1
41 12.975270416451405 1
89 12.978576694312324 0
105 12.979114168385443 0
96 12.979844689792344 0
43 12.989800698563679 1
29 12.996454957682397 1
51 13.002173615035547 0
104 13.00402313269546 0
177 13.006257114972726 0
131 13.009040765096332 0
94 13.00988152452315 1
68 13.009940479445696 0
85 13.010233833970386 1
172 13.011022788424208 0
137 13.016718764147411 1
184 13.021061975594428 1
4 13.022594063804295 0
26 13.024579830380137 0
185 13.025539813653593 1
57 13.025672935604842 1
190 13.026438907425367 1
1 13.026469502479186 0
176 13.030607818035488 1
127 13.032637337175684 1
42 13.039035906500992 1
16 13.039311450291716 0
76 13.046430766978325 0
103 13.04895024483295 0
72 13.055209268464877 1
70 13.058706899037402 0
75 13.05945950018566 0
9 13.060729817687976 1
11 13.062087142821579 0
5 13.066650556923053 0
45 13.067734023995303 0
19 13.070324530604333 1
114 13.071213476556052 0
25 13.071442367839772 0
195 13.071991075137884 0
7 13.07306163025688 0
165 13.073467269851033 0
121 13.078645140512855 0
163 13.08092976152664 1
38 13.088328488531952 0
53 13.088464348943218 0
79 13.093535260271635 1
124 13.095029998759731 0
91 13.099390494927842 0
61 13.100778935540221 0
162 13.101023528034244 1
193 13.10307636280813 1
95 13.107391912159725 1
97 13.107555914973439 0
56 13.110018605584777 0
71 13.115039005426095 1
157 13.116435107010734 1
54 13.11787081463644 0
167 13.119899551570166 0
86 13.126852803217666 0
64 13.129915347625753 0
80 13.135146224152189 1
63 13.135341018045573 0
52 13.136417715063393 0
129 13.138104516077783 1
123 13.141281861348432 1
170 13.14294191727588 1
27 13.149909845700467 0
130 13.150950919908468 1
58 13.153178840518287 1
148 13.179214588858176 1
138 13.17927916757293 0
101 13.18089737692708 1
35 13.184553130297799 0
87 13.186752985002139 0
191 13.191908853744886 1
74 13.194625790603933 0
14 13.19910352997637 1
201 13.200000000000006 1
202 13.200000000000006 0
203 13.200000000000006 1
188 13.200524536565393 1
151 13.201627222221196 1
192 13.202278531403037 0
73 13.209290115512022 0
10 13.210300004892247 0
118 13.211435915972821 1
143 13.212542353227539 1
82 13.214210550231407 1
160 13.214347773924965 0
115 13.216311003670919 1
18 13.218409185927703 1
12 13.219149083073672 0
149 13.219220164189188 1
136 13.219520834702886 1
132 13.219859668487752 0
21 13.222284420059523 1
102 13.225999190982764 1
187 13.229414586408087 1
24 13.22977792942418 0
145 13.232064925686611 1
78 13.232963948529413 1
46 13.234284540136557 0
6 13.237033479516242 1
135 13.245459029209952 1
88 13.246230745549274 1
166 13.250679681871139 1
3 13.253026112440434 0
156 13.253138103033189 1
99 13.255719320748733 1
30 13.255887361401212 0
146 13.262316561391012 0
194 13.264627160800607 1
171 13.267437904412475 0
49 13.26788987670487 1
189 13.26822260033071 0
111 13.273025138867784 1
181 13.27461098283051 1
116 13.27491024492196 1
159 13.276226137410891 0
183 13.287843253058517 1
50 13.287918873410778 1
164 13.28896333664471 1
154 13.289089622228824 1
175 13.291778257840974 1
77 13.292324973233274 1
55 13.292959235476198 1
150 13.299815971345746 0
31 13.299932344245097 0
144 13.301815250845054 1
125 13.309307598413172 0
169 13.31407175101658 0
153 13.327856344867161 0
92 13.33680345829913 0
37 13.336943988298719 0
140 13.339006619467394 0
60 13.341735624422142 0
120 13.34243057986162 0
34 13.345548027616086 1
161 13.349470420068487 1
62 13.349780628544567 1
158 13.350150958047381 0
200 13.352798871933437 1
186 13.353363533519483 1
48 13.353756361831445 0
182 13.366790458900425 0
8 13.367184862873913 0
122 13.369860387422644 1
119 13.376980356963406 0
180 13.37878670586614 1
197 13.38239819413851 1
44 13.384402389314523 0
67 13.385651176956122 1
133 13.388277036567867 1
198 13.38848461584002 1
107 13.394550039682871 0
81 13.397731738309826 0
84 13.397811712980959 0
66 13.39923186830466 1
152 13.401217486792484 0
47 13.401611853098268 1
179 13.412702119400283 1
112 13.416673899146106 0
32 13.42394357992747 1
98 13.430735400748246 0
126 13.433223078178475 0
105 13.433509399962412 0
106 13.43427358296565 0
36 13.43650669041902 1
142 13.438612278806804 1
69 13.43903548995642 1
178 13.440030882960922 0
93 13.441736042881907 1
51 13.442260559636969 0
199 13.444541725762816 1
141 13.45176518587146 1
109 13.45438865811489 0
65 13.455416438451135 1
100 13.460432993431873 0
173 13.460877894009707 0
13 13.46115914367598 1
196 13.463696665832565 1
168 13.470992398053683 1
40 13.471341512804075 1
117 13.474386188561155 1
28 13.475469133270465 0
110 13.48264542412807 1
147 13.483102277540567 0
90 13.488729887413507 0
15 13.490027715406725 1
17 13.492649399500669 1
22 13.49429711340615 0
134 13.497671404993657 1
174 13.498662889357233 1
139 13.502010365832444 0
85 13.505509298916195 1
177 13.50729996746818 0
43 13.507518912134755 1
9 13.511099811401355 1
42 13.5156624026052 1
96 13.516084982904365 0
94 13.516345143612748 1
104 13.516774578488926 0
59 13.521195624095322 0
29 13.526735608016415 1
20 13.532801890433554 1
128 13.537748736007428 1
190 13.539658361138049 1
89 13.539737737706844 0
23 13.541952749787571 1
4 13.543497826356466 0
45 13.545556274995107 0
68 13.547305767837575 0
72 13.54796973188812 1
19 13.55441062433042 1
131 13.559794162187693 0
16 13.560883908303385 0
79 13.568212023285216 1
41 13.573968859422532 1
172 13.579526586494909 0
137 13.581875015433539 1
127 13.585357115273657 1
108 13.592343839480066 0
83 13.597509952295566 0
39 13.598582132052822 0
204 13.600000000000007 1
205 13.600000000000007 1
206 13.600000000000007 1
52 13.600435119857702 0
91 13.6049121890905 0
75 13.607207250195975 0
121 13.612834079120915 0
2 13.619903292902764 0
113 13.620727818458802 0
76 13.62563257680058 0
70 13.628635060095036 0
185 13.634053084871455 1
176 13.636729381642585 0
103 13.638160976606732 0
33 13.649417721756146 1
25 13.655796766308333 0
165 13.657650678582412 0
5 13.660589218601373 0
27 13.664489422604653 0
80 13.664876569938421 1
56 13.665519535864016 0
26 13.667978768821197 0
53 13.672067735729703 0
1 13.677792977603145 0
155 13.680851556526152 1
46 13.681757022449501 0
157 13.684927896678593 1
86 13.687255909289293 0
95 13.687884706303707 1
71 13.688096727949766 1
162 13.688651469038524 1
123 13.690611235298311 1
87 13.691318931581199 0
64 13.694647734342897 0
7 13.695588374554827 0
129 13.699613225750932 1
63 13.70035896636376 0
54 13.70302191014362 0
35 13.70562065770205 0
18 13.707979896517617 1
12 13.708747197261586 0
143 13.713587549329834 1
118 13.718864977037676 1
148 13.722779551481647 1
156 13.730696112399842 0
202 13.732351758329974 0
188 13.734032715420522 1
160 13.735782551317461 0
203 13.737020056795556 1
167 13.737028058937332 0
195 13.743982150275762 0
38 13.748791182339282 0
11 13.749565413496398 0
163 13.749634013173303 1
74 13.749882778970818 0
58 13.750577664991525 1
184 13.761415967459236 1
21 13.762383742670806 0
154 13.763180424081225 1
130 13.764673730809237 1
61 13.769577619011486 0
187 13.772552781877447 1
30 13.774882668126263 0
97 13.777367908432934 0
164 13.77785967030918 1
82 13.779752347303843 0
145 13.780434464385394 1
149 13.781142180608107 1
135 13.782580614977448 1
3 13.783147156938051 0
57 13.78464957386233 1
183 13.78541190367022 1
114 13.786778338061147 0
102 13.787732470381615 1
191 13.787863280617326 1
171 13.791357605042828 0
170 13.800098903488527 1
192 13.803417797104553 0
124 13.804532998635704 0
193 13.806152725616254 1
99 13.80920177829553 1
10 13.810768186932803 0
111 13.811226814792303 1
146 13.813436248790195 0
116 13.823118119559243 1
189 13.824296800440944 0
14 13.827632269499054 1
73 13.834870747731523 0
6 13.838716819494254 1
60 13.839087243714058 0
132 13.839846911077547 0
175 13.840407967481136 1
31 13.8434076635601 0
48 13.843496210241089 0
181 13.84953317939661 1
24 13.85126682589539 0
77 13.853009693968456 1
144 13.856525728194605 1
55 13.857607197250008 1
120 13.858592618519062 0
78 13.860024195312501 1
136 13.861472918173174 1
84 13.864374175503862 0
67 13.866817139545036 1
125 13.871562029060339 0
101 13.879305491671003 1
49 13.881989343899864 1
50 13.882019866748188 1
51 13.88234750423839 0
140 13.883923837756344 0
115 13.884336920643495 0
161 13.884417462075335 1
201 13.884629623798018 1
166 13.886491064995587 1
105 13.887904631539381 0
138 13.888087963969923 0
34 13.891006637512438 1
169 13.901796286876092 0
200 13.905597743866869 0
119 13.932478953889364 0
150 13.933128857050828 0
106 13.942172029022453 0
158 13.944612175608201 0
8 13.948366813433648 0
88 13.95747926443768 1
92 13.959257022185739 0
182 13.96014855068051 0
9 13.961469805114733 1
47 13.963593369912472 1
153 13.964284827630179 0
197 13.964796388277014 1
36 13.968528720437238 1
133 13.970633456281856 1
180 13.974544047039368 1
198 13.976969231680034 1
13 13.978896033817364 1
40 13.982647409170912 1
122 13.984015419707864 1
168 13.989991553392981 1
42 13.992288898709408 1
100 13.993399640104336 0
196 13.995544998748844 1
69 13.998984726269917 0
117 13.999345267798565 1
207 14.000000000000007 1
208 14.000000000000007 1
209 14.000000000000007 0
85 14.000784763862004 0
112 14.003579177656542 0
142 14.005758849607423 1
147 14.00669413400228 0
177 14.008342819963634 0
107 14.00844647108879 0
173 14.012431878868236 0
178 14.013369363454409 0
179 14.015242543280339 1
94 14.022808762702345 1
22 14.023226159798073 0
45 14.02337852599491 0
43 14.02523712570583 1
28 14.02657648689092 0
104 14.029526024282392 0
15 14.029628824022994 1
159 14.02997272846959 0
62 14.034141917828602 1
110 14.034821785736607 1
19 14.038496718056505 1
44 14.039091410943108 0
72 14.040730195311363 1
79 14.042888786298798 1
152 14.045797207547205 0
37 14.05088186996335 0
81 14.050913854197148 0
96 14.052325276016386 0
126 14.052658334693348 0
190 14.05287781485073 1
32 14.055140758923843 1
141 14.056471111859775 1
29 14.057016258350432 1
139 14.060511229651814 0
4 14.064401588908638 0
52 14.06445252465201 0
186 14.071151378025975 1
109 14.072559276551669 0
16 14.082456366315053 0
68 14.084671056229453 0
199 14.089083451525626 1
89 14.100898781101364 0
134 14.106550623629444 1
91 14.110433883253158 0
131 14.110547559279054 0
93 14.116145760230614 1
65 14.12137996585433 1
98 14.125407354651957 0
46 14.129229504762446 0
194 14.12925432160121 1
151 14.135231759258062 1
127 14.13807689337163 1
205 14.145127620753412 1
121 14.147023017728976 0
137 14.147031266719667 1
172 14.14803038456561 0
174 14.148440037583438 1
23 14.14871240453936 1
75 14.15495500020629 0
90 14.166496307943044 0
41 14.17266730239366 1
20 14.177221028073246 1
27 14.17906899950884 0
206 14.192951584220495 1
80 14.194606915724654 1
87 14.195884878160259 0
204 14.195946373818302 1
18 14.197550607107532 1
12 14.198345311449499 0
70 14.19856322115267 0
17 14.202788841579652 1
76 14.204834386622835 0
156 14.208254121766496 0
66 14.214557396635788 1
143 14.214632745432128 1
59 14.21627035060128 0
108 14.220368399442927 0
56 14.221020466143255 0
83 14.222354324314038 0
118 14.22629403810253 1
35 14.226688185106303 0
103 14.227371708380515 0
154 14.237271225933627 1
123 14.23994060924819 1
25 14.240151164776893 0
165 14.24183408731379 0
185 14.242566356089318 1
176 14.242850945249682 0
86 14.24765901536092 0
128 14.25152360960817 1
157 14.253420686346452 1
5 14.254527880279694 0
53 14.255671122516189 0
160 14.257217328709958 0
64 14.259380121060042 0
129 14.26112193542408 1
71 14.261154450473438 1
202 14.264703516659942 0
63 14.265376914681948 0
148 14.266344514105118 1
164 14.26675600397365 1
188 14.267540894275651 1
95 14.26837750044769 1
2 14.268470116374324 0
113 14.268476112186402 0
203 14.274040113591106 1
162 14.276279410042804 1
183 14.282980554281922 1
54 14.288173005650801 0
30 14.293877974851315 0
21 14.30248306528209 0
74 14.305139767337703 0
26 14.311377707262256 0
3 14.313268201435669 0
171 14.315277305673181 0
187 14.315690977346808 1
7 14.318115118852774 0
135 14.319702200744944 1
51 14.322434448839813 0
33 14.32570286500647 1
145 14.328804003084176 1
1 14.329116452727105 0
84 14.330936638026765 0
48 14.333236058650732 0
60 14.336438863005974 0
105 14.34229986311635 0
149 14.343064197027026 1
82 14.345294144376279 0
58 14.347976489464763 1
67 14.34798310213395 1
111 14.349428490716821 1
102 14.349465749780466 1
167 14.354156566304498 0
99 14.362684235842325 1
146 14.364555936189378 0
116 14.371325994196527 1
120 14.374754657176503 0
130 14.378396541710007 1
189 14.380371000551179 0
191 14.383817707489767 1
31 14.386882982875104 0
175 14.389037677121298 1
210 14.400000000000007 1
211 14.400000000000007 1
212 14.400000000000007 1
213 14.400000000000007 1
214 14.400000000000007 0
215 14.400000000000007 1
192 14.404557062806068 0
38 14.409253876146613 0
144 14.411236205544155 1
10 14.41123636897336 0
9 14.411839798828112 1
77 14.413694414703638 1
195 14.41597322541364 0
163 14.418338264819965 1
161 14.419364504082184 1
55 14.422255159023818 1
181 14.424455375962712 1
140 14.428841056045293 0
125 14.433816459707506 0
34 14.43646524740879 1
11 14.437043684171218 0
61 14.43837630248275 0
6 14.440400159472265 1
97 14.44717990189243 0
106 14.450070475079256 0
14 14.456161009021738 1
170 14.457255889701173 1
200 14.4583966158003 0
132 14.459834153667343 0
73 14.460451379951024 0
42 14.468915394813616 1
24 14.4727557223666 0
50 14.476120860085597 1
78 14.48708444209559 1
119 14.487977550815321 0
169 14.489520822735603 0
155 14.49240177888703 1
40 14.49395330553775 1
85 14.496060228807814 0
49 14.496088811094857 1
13 14.496632923958748 1
36 14.500550750455456 1
45 14.501200776994715 0
184 14.501769959324044 1
114 14.502343199566242 0
136 14.503425001643462 1
168 14.508990708732279 1
193 14.509229088424378 1
177 14.509385672459088 0
124 14.514035998511677 0
79 14.51756554931238 1
166 14.522302448120035 1
19 14.522582811782591 1
117 14.524304347035976 1
47 14.525574886726675 1
100 14.526366286776799 0
196 14.527393331665124 1
52 14.528469929446318 0
94 14.529272381791943 1
8 14.529548763993382 0
147 14.530285990463994 0
72 14.533490658734607 1
158 14.539073393169021 0
104 14.542277470075858 0
43 14.542955339276906 1
57 14.543626212119818 1
197 14.547194582415518 1
22 14.552155206189996 0
39 14.552319219133809 0
115 14.552362837616071 0
133 14.552989875995845 1
182 14.553506642460594 0
69 14.558933962583414 0
173 14.563985863726765 0
198 14.565453847520047 1
190 14.56609726856341 1
150 14.566441742755911 0
15 14.569229932639264 1
201 14.56925924759603 1
180 14.570301388212595 1
142 14.572905420408041 1
46 14.57670198707539 0
28 14.577683840511376 0
101 14.577713606414926 1
92 14.581710586072347 0
4 14.585305351460809 0
178 14.586707843947895 0
110 14.586998147345145 1
29 14.587296908684449 1
96 14.588565569128408 0
112 14.590484456166978 0
138 14.596896760366915 0
122 14.598170451993084 1
153 14.600713310393196 0
16 14.604028824326722 0
91 14.615955577415816 0
179 14.617782967160394 1
139 14.619012093471184 0
68 14.622036344621332 0
107 14.62234290249471 0
207 14.630448404790915 1
141 14.66117703784809 1
131 14.661300956370415 0
89 14.662059824495884 0
88 14.668727783326085 1
126 14.67209359120822 0
121 14.681211956337037 0
156 14.685812131133149 0
32 14.686337937920216 1
18 14.687121317697446 1
12 14.687943425637412 0
205 14.690255241506817 1
152 14.690376928301925 0
109 14.690729894988447 0
127 14.690796671469604 1
27 14.693648576413025 0
44 14.693780432571693 0
87 14.700450824739319 0
75 14.702702750216604 0
81 14.70409597008447 0
154 14.711362027786029 1
137 14.712187518005795 1
134 14.71542984226523 1
143 14.715677941534423 1
208 14.715713426835384 1
172 14.71653418263631 0
62 14.718503207112638 1
80 14.724337261510886 1
199 14.733625177288436 1
118 14.733723099167385 1
35 14.747755712510555 0
23 14.755472059291149 1
164 14.755652337638121 1
209 14.758169336282677 0
51 14.762521393441235 0
37 14.76481975162798 0
70 14.768491382210303 0
41 14.771365745364786 1
56 14.776521396422494 0
160 14.778652106102454 0
183 14.780549204893624 1
159 14.783719319528288 0
76 14.78403619644509 0
206 14.785903168440983 1
65 14.787343493257527 1
186 14.788939222532468 1
123 14.78926998319807 1
93 14.790555477579321 1
204 14.791892747636597 1
105 14.79669509469332 0
202 14.79705527498991 0
84 14.797499100549668 0
174 14.798217185809643 1
216 14.800000000000008 1
217 14.800000000000008 1
218 14.800000000000008 0
219 14.800000000000008 0
220 14.800000000000008 0
188 14.80104907313078 1
86 14.808062121432547 0
148 14.809909476728588 1
203 14.811060170386655 1
30 14.812873281576366 0
103 14.816582440154297 0
98 14.820079308555668 0
20 14.821640165712939 1
157 14.821913476014311 0
129 14.82263064509723 1
48 14.822975907060375 0
64 14.824112507777187 0
25 14.824505563245454 0
165 14.82601749604517 0
67 14.829149064722865 1
63 14.830394863000135 0
60 14.83379048229789 0
71 14.834212172997109 1
171 14.839197006303534 0
53 14.839274509302674 0
21 14.842582387893373 0
3 14.843389245933286 0
90 14.84426272847258 0
83 14.84719869633251 0
108 14.848392959405789 0
5 14.848466541958015 0
95 14.848870294591672 1
176 14.848972508856779 0
185 14.85107962730718 1
135 14.85682378651244 1
187 14.858829172816169 1
74 14.860396755704588 0
9 14.86220979254149 1
162 14.863907351047084 1
54 14.873324101157982 0
145 14.877173541782959 0
111 14.88763016664134 1
120 14.890916695833944 0
211 14.894701432389912 1
149 14.904986213445945 1
82 14.910835941448715 0
102 14.911199029179317 1
59 14.911345077107237 0
17 14.912928283658635 1
146 14.91567562358856 0
99 14.91616669338912 1
113 14.916224405914003 0
2 14.917036939845884 0
116 14.91953386883381 1
31 14.930358302190108 0
189 14.936445200661414 0
175 14.93766738676146 1
7 14.94064186315072 0
58 14.945375313938001 1
42 14.945541890917823 1
215 14.952070573432895 1
161 14.954311546089032 1
26 14.954776645703316 0
106 14.95796892113606 0
128 14.965298483208914 1
144 14.965946682893705 1
167 14.971285073671664 0
140 14.973758274334243 0
77 14.97437913543882 1
45 14.979023027994518 0
191 14.979772134362207 1
1 14.980439927851064 0
34 14.981923857305143 1
55 14.986903120797628 1
85 14.991335693753623 0
130 14.992119352610777 1
79 14.992242312325962 1
52 14.992487334240627 0
194 14.993881482401811 1
125 14.996070890354673 0
214 14.998608869099135 0
181 14.999377572528813 0
33 15.001988008256793 1
40 15.005259201904586 0
192 15.005696328507584 0
19 15.006668905508677 1
177 15.010428524954541 0
200 15.011195487733731 0
10 15.011704551013915 0
13 15.014369814100132 1
46 15.024174469388335 0
72 15.02625112215785 1
168 15.027989864071577 1
66 15.029882924966916 1
36 15.032572780473675 1
94 15.03573600088154 1
6 15.042083499450277 1
119 15.043476147741279 0
117 15.049263426273386 0
147 15.053877846925708 0
104 15.055028915869324 0
196 15.059241664581403 1
100 15.059332933449262 0
43 15.060673552847982 1
151 15.068836296294927 0
38 15.069716569953943 0
50 15.070221853423007 1
169 15.077245358595114 0
190 15.079316722276092 1
132 15.079821396257138 0
22 15.081084252581919 0
14 15.084689748544422 1
73 15.086032012170525 0
163 15.087042516466628 1
47 15.087556403540878 1
195 15.08796430055152 0
213 15.091447944473028 1
24 15.09424461883781 0
210 15.097389108947814 1
4 15.10620911401298 0
61 15.107174985954014 0
15 15.108831041255533 1
49 15.11018827828985 1
8 15.110730714553117 0
78 15.114144688878678 1
170 15.11441287591382 0
173 15.115539848585295 0
97 15.116991895351925 0
29 15.117577559018466 1
69 15.11888319889691 0
91 15.121477271578474 0
11 15.124521954846038 0
96 15.124805862240429 0
16 15.12560128233839 0
28 15.128791194131832 0
197 15.129592776554022 1
158 15.133534610729841 0
133 15.135346295709834 1
110 15.139174508953683 1
142 15.14005199120866 0
136 15.14537708511375 1
182 15.146864734240678 0
198 15.15393846336006 1
166 15.158113831244483 1
68 15.15940163301321 0
178 15.160046324441382 0
156 15.163370140499802 0
180 15.166058729385822 1
18 15.176692028287361 1
112 15.177389734677414 0
139 15.177512957290554 0
12 15.177541539825326 0
154 15.18545282963843 1
150 15.199754628460994 0
221 15.200000000000008 1
222 15.200000000000008 1
223 15.200000000000008 1
224 15.200000000000008 1
225 15.200000000000008 1
51 15.202608338042657 0
92 15.204164149958956 0
87 15.205016771318379 0
27 15.208228153317211 0
131 15.212054353461776 0
193 15.212305451232503 1
122 15.212325484278304 1
121 15.215400894945098 0
143 15.216723137636718 1
114 15.217908061071338 0
179 15.22032339104045 1
115 15.220388754588647 0
89 15.223220867890404 0
124 15.22353899838765 0
205 15.235382862260222 1
107 15.23623933390063 0
153 15.237141793156214 0
118 15.24115216023224 1
184 15.242123951188852 1
127 15.243516449567577 1
164 15.244548671302592 1
212 15.250108972382604 1
75 15.250450500226918 0
105 15.251090326270289 0
201 15.253888871394041 1
80 15.254067607297118 1
207 15.260896809581823 1
84 15.264061563072572 0
141 15.265882963836404 1
35 15.268823239914807 0
101 15.27612172115885 1
137 15.277343769291923 0
183 15.278117855505327 1
172 15.285037980707012 0
126 15.291528847723093 0
217 15.29828519974424 1
160 15.30008688349495 0
57 15.302602850377307 1
155 15.303952001247909 1
216 15.30404651635164 1
138 15.305705556763908 0
109 15.308900513425225 0
67 15.310315027311779 1
9 15.312579786254869 1
48 15.312715755470018 0
32 15.31753511691659 1
134 15.324309060901017 1
202 15.329407033319878 0
60 15.331142101589805 0
30 15.331868588301417 0
56 15.332022326701733 0
188 15.33455725198591 1
152 15.334956649056645 0
70 15.338419543267937 0
123 15.338599357147949 1
218 15.34429149569534 0
203 15.348080227182205 1
44 15.348469454200277 0
148 15.353474439352059 1
81 15.357278085971792 0
23 15.362231714042938 1
171 15.363116706933887 0
76 15.363238006267345 0
86 15.368465227504174 0
41 15.370064188335913 1
3 15.373510290430904 0
219 15.377302083716954 0
199 15.378166903051246 1
206 15.378854752661471 1
88 15.37997630221449 1
21 15.382681710504656 0
129 15.384139354770378 1
204 15.387839121454892 1
64 15.388844894494332 0
211 15.389402864779816 1
157 15.39040626568217 0
135 15.393945372279935 1
63 15.395412811318323 0
187 15.40196736828553 1
62 15.402864496396674 1
103 15.40579317192808 0
120 15.407078734491385 0
71 15.40726989552078 1
25 15.408859961714015 0
165 15.410200904776548 0
74 15.415653744071474 0
42 15.422168387022031 1
53 15.42287789608916 0
145 15.425543080481741 0
111 15.42583184256586 1
95 15.429363088735654 1
208 15.43142685367076 1
5 15.442405203636335 0
174 15.447994334035847 1
162 15.451535292051364 1
65 15.453307020660723 1
176 15.455094072463876 0
52 15.456504739034935 0
45 15.456845278994322 0
54 15.458475196665162 0
185 15.459592898525043 1
93 15.464965194928029 1
106 15.465867367192862 0
20 15.466059303352631 1
146 15.466795310987743 0
149 15.466908229864863 1
79 15.466919075339543 1
116 15.467741743471093 1
99 15.469649150935917 1
220 15.471054268479064 0
46 15.47164695170128 0
83 15.472043068350983 0
102 15.472932308578168 1
31 15.473833621505111 0
82 15.476377738521151 0
108 15.47641751936865 0
37 15.478757633292611 0
175 15.486297096401621 1
85 15.486611158699432 0
161 15.48925858809588 1
19 15.490754999234763 1
189 15.492519400771648 0
215 15.504141146865782 1
39 15.506056306214795 0
186 15.50672706703896 1
177 15.511471377449995 0
98 15.514751262459379 0
209 15.516338672565347 0
40 15.516565098271423 0
140 15.518675492623192 0
72 15.519011585581094 1
144 15.520657160243255 1
90 15.522029149002117 0
34 15.527382467201495 1
13 15.532106704241516 1
77 15.535063856174002 1
159 15.537465910586986 0
94 15.542199619971138 1
58 15.54277413841124 1
168 15.546989019410875 1
55 15.551551082571438 1
125 15.55832532100184 0
7 15.563168607448667 0
113 15.563972699641603 0
200 15.563994359667163 0
36 15.564594810491894 1
2 15.565603763317444 0
104 15.56778036166279 0
117 15.574222505510797 0
181 15.574299769094914 0
191 15.575726561234648 1
147 15.577469703387422 0
43 15.578391766419058 1
167 15.58841358103883 0
196 15.591089997497683 1
100 15.592299580121725 0
190 15.592536175988773 1
214 15.597217738198262 0
26 15.598175584144375 0
119 15.598974744667236 0
226 15.600000000000009 1
227 15.600000000000009 1
228 15.600000000000009 0
229 15.600000000000009 1
230 15.600000000000009 0
130 15.605842163511547 1
59 15.606419803613194 0
192 15.6068355942091 0
22 15.610013298973842 0
10 15.612172733054472 0
17 15.623067725737618 1
91 15.626998965741132 0
4 15.627112876565151 0
1 15.631763402975023 0
156 15.640928149866456 0
51 15.642695282644079 0
6 15.643766839428288 1
16 15.647173740350059 0
29 15.647858209352483 1
15 15.648432149871802 1
47 15.649537920355082 1
154 15.659543631490832 1
96 15.66104615535245 0
50 15.664322846760417 1
169 15.664969894454625 0
18 15.666262738877275 1
173 15.667093833443824 0
12 15.667139654013239 0
33 15.678273151507117 0
69 15.678832435210406 0
128 15.679073356809656 1
28 15.679898547752288 0
110 15.691350870562221 1
8 15.691912665112852 0
68 15.69676692140509 0
132 15.699808638846934 0
105 15.705485557847258 0
142 15.707198562009278 0
87 15.709582717897439 0
73 15.711612644390026 0
197 15.711990970692526 1
14 15.713218488067106 1
24 15.715733515309019 0
133 15.717702715423822 0
143 15.717768333739013 1
222 15.721224746339594 1
27 15.722807730221398 0
49 15.724287745484844 1
158 15.727995828290661 0
38 15.730179263761274 0
84 15.730624025595475 0
178 15.733384804934868 0
164 15.733445004967063 1
224 15.735241903349873 0
139 15.736013821109925 0
182 15.740222826020762 0
78 15.741204935661766 1
198 15.742423079200073 1
118 15.748581221297094 0
121 15.74958983355316 0
163 15.75574676811329 1
195 15.759955375689398 0
180 15.76181607055905 1
131 15.762807750553137 0
9 15.762949779968247 1
112 15.76429501318785 0
170 15.771569862126466 0
183 15.77568650611703 1
61 15.775973669425278 0
223 15.780209414223423 1
205 15.780510483013627 1
213 15.78289588894605 0
80 15.78379795308335 0
89 15.784381911284925 0
97 15.78680388881142 0
136 15.787329168584039 1
35 15.78989076731906 0
67 15.791480989900693 1
166 15.793925214368931 1
210 15.79477821789562 1
127 15.79623622766555 1
217 15.796570399488473 1
75 15.798198250237233 0
48 15.802455603879661 0
216 15.808093032703272 1
11 15.812000225520858 0
160 15.821521660887447 0
179 15.822863814920506 1
122 15.826480516563525 0
92 15.826617713845565 0
60 15.82849372088172 0
150 15.833067514166077 0
137 15.84250002057805 0
66 15.845208453298044 1
107 15.850135765306549 0
30 15.850863895026468 0
172 15.853541778777712 0
194 15.858508643202413 1
202 15.861758791649846 0
188 15.868065430841039 1
141 15.870588889824718 1
221 15.870612501399089 0
153 15.873570275919231 0
211 15.88410429716972 1
203 15.885100283977755 1
171 15.88703640756424 0
56 15.887523256980971 0
123 15.887928731097828 1
115 15.888414671561224 0
218 15.88858299139067 0
207 15.89134521437273 1
148 15.89703940197553 1
42 15.89879488312624 1
3 15.903631334928521 0
70 15.908347704325571 0
126 15.910964104237966 0
193 15.915381814040627 1
46 15.919119434014224 0
52 15.920522143829244 0
21 15.922781033115939 0
120 15.923240773148827 0
109 15.927071131862004 0
86 15.928868333575801 0
135 15.931066958047431 1
124 15.933041998263622 0
134 15.933188279536804 1
114 15.933472922576433 0
45 15.934667529994126 0
201 15.938518495192053 1
79 15.941595838353125 1
76 15.9424398160896 0
187 15.94510556375489 1
129 15.945648064443526 1
32 15.948732295912963 1
64 15.953577281211476 0
219 15.9546041674339 0
157 15.95889905535003 0
63 15.96043075963651 0
111 15.964033518490378 1
225 15.966958651662955 0
41 15.96876263130704 1
23 15.968991368794727 1
74 15.970910732438359 0
206 15.97180633688196 0
106 15.973765813249665 0
145 15.973912619180524 0
101 15.974529835902773 1
19 15.97484109296085 1
152 15.979536369811365 0
71 15.980327618044452 1
85 15.981886623645241 0
184 15.98247794305366 1
204 15.983785495273187 1
25 15.993214360182575 0
165 15.994384313507927 0
103 15.995003903701862 0
231 16.000000000000007 1
232 16.000000000000007 1
233 16.000000000000007 1
151 16.002440833331793 0
44 16.00315847582886 0
53 16.006481282875644 0
95 16.009855882879634 1
81 16.010460201859114 0
72 16.01177204900434 1
177 16.01251422994545 0
138 16.014514353160898 0
116 16.015949618108376 1
31 16.017308940820115 0
146 16.017914998386924 0
199 16.02270862881406 0
99 16.023131608482714 1
161 16.024205630102728 1
40 16.02787099463826 0
149 16.028830246283782 1
102 16.034665587977017 1
175 16.034926806041785 1
5 16.036343865314656 0
162 16.039163233055646 1
82 16.041919535593586 0
54 16.043626292172345 0
189 16.048593600881883 0
94 16.048663239060733 1
13 16.0498435943829 1
215 16.05621172029867 1
176 16.061215636070973 0
57 16.061579488634795 1
140 16.06359271091214 0
168 16.06598817475017 0
185 16.068106169742908 1
34 16.072841077097845 1
144 16.075367637592805 1
104 16.080531807456257 0
51 16.0827822272455 0
62 16.087225785680708 1
88 16.091224821102898 1
77 16.095748576909184 1
43 16.096109979990135 1
36 16.096616840510112 1
83 16.096887440369457 0
174 16.097771482262054 1
117 16.099181584748205 0
212 16.100217944765202 1
147 16.101061559849136 0
108 16.104442079331513 0
190 16.105755629701456 1
20 16.110478440992324 1
155 16.11550222360879 1
55 16.116199044345247 1
200 16.116793231600596 0
156 16.118486159233107 0
65 16.11927054806392 1
125 16.120579751649007 0
196 16.122938330413962 1
100 16.12526622679419 0
91 16.13252065990379 0
154 16.133634433343236 1
22 16.138942345365763 0
93 16.139374912276736 1
58 16.140172962884478 1
220 16.14210853695812 0
208 16.147140280506136 1
4 16.148016639117323 0
181 16.149221965661013 0
119 16.154473341593192 0
18 16.155833449467192 1
12 16.156737768201154 0
105 16.15988078942423 0
226 16.161557312614082 1
16 16.168746198361728 0
191 16.171680988107088 0
29 16.178138859686502 1
7 16.185695351746613 0
15 16.18803325848807 1
37 16.19269551495724 0
214 16.19582660729739 0
84 16.197186488118376 0
96 16.19728644846447 0
90 16.199795569531652 0
227 16.201820078147488 1
167 16.205542088406 0
192 16.207974859910614 0
98 16.209423216363092 0
47 16.211519437169283 1
113 16.2117209933692 0
10 16.21264091509503 0
9 16.213319773681626 1
87 16.2141486644765 0
2 16.214170586789006 0
173 16.218647818302355 0
143 16.218813529841306 1
130 16.219564974412314 1
164 16.222341338631534 1
186 16.22451491154545 1
229 16.229218303811976 1
28 16.231005901372743 0
68 16.234132209796968 0
27 16.237387307125584 0
69 16.238781671523903 0
230 16.240327262015906 0
26 16.241574522585434 0
222 16.242449492679178 1
110 16.24352723217076 1
6 16.245450179406298 1
169 16.252694430314136 0
118 16.25601028236195 0
50 16.258423840097826 1
224 16.27048380669974 0
67 16.27264695248961 1
8 16.273094615672587 0
183 16.273255156728734 1
142 16.274345132809895 0
209 16.274508008848017 0
1 16.28308687809898 0
121 16.28377877216122 0
159 16.291212501645685 0
48 16.292195452289306 0
197 16.29438916483103 1
139 16.294514684929293 0
217 16.294855599232708 1
133 16.30005913513781 0
59 16.30149453011915 0
178 16.306723285428355 0
35 16.31095829472331 0
216 16.312139549054905 1
80 16.313528298869585 0
131 16.313561147644496 0
132 16.31979588143673 0
158 16.322457045851483 0
205 16.32563810376703 1
60 16.325845340173636 0
198 16.330907695040086 1
17 16.3332071678166 1
182 16.333580917800845 0
73 16.33719327660953 0
24 16.33722241178023 0
49 16.338387212679837 1
14 16.341747227589792 1
160 16.342956438279945 0
89 16.345542954679445 0
75 16.345946000247547 0
127 16.348956005763526 1
112 16.351200291698287 0
33 16.35455829475744 0
180 16.357573411732275 1
223 16.36041882844684 1
46 16.366591916327167 0
78 16.368265182444855 1
30 16.369859201751517 0
42 16.37542137923045 1
211 16.378805729559627 1
52 16.38453954862355 0
38 16.390641957568604 0
128 16.3928482304104 1
202 16.394110549979814 0
